0.0734463
0.0271657
0.00452511
0.0835002
0.0585277
0.000425343
0.0103928
0.0143369
0.0016518
0.0727841
0.0451287
0.0901315
0.00760113
0.0891442
0.0145558
0.0220879
0.0426629
0.0214471
0.0724837
0.0371608
0.0121538
7.42542e-006
0.0609808
0.00807356
0.0694656
0.079262
0.0500851
0.0137123
0.0899129
0.077357
0.0381072
0.0129065
0.077633
0.0931856
0.00752179
0.0591678
0.0473846
0.0852132
0.00577794
0.0193445
0.0169051
0.00735456
0.0376656
0.0361372
0.0917171
0.0350908
0.0818145
0.0798055
0.0706422
0.010341
0.0714694
0.0516432
0.0150413
0.00757782
0.055252
0.0658596
0.0422292
0.0716689
0.0880542
0.00451334
0.0438997
0.0518976
0.0895509
0.023073
0.0834862
0.0828162
0.00385874
0.018196
0.0846082
0.0861742
0.0863899
0.0365408
0.0587579
0.0473577
0.0321782
0.0105917
0.0716433
0.0875076
0.0247791
0.0324895
0.0538404
0.0171978
0.0167123
0.0857314
0.0671992
0.0579182
0.00508905
0.0409072
0.0901477
0.018436
0.028304
0.0648947
0.0416875
0.0601382
0.00931908
0.0253675
0.0795455
0.056069
0.0686369
0.0389176
0.0598183
0.0627075
0.0489463
0.0747964
0.0426429
0.0488412
0.0451246
0.0846726
0.0878224
0.0186628
0.000388345
0.0407739
0.0700245
0.0574001
0.055766
0.0752745
0.046671
0.00236874
0.0466645
0.0548133
0.0241939
0.0733119
0.0816743
0.0457078
0.0484183
0.0274547
0.0619699
0.0676534
0.0500775
0.0336278
0.00425382
0.0807844
0.0668403
0.0314909
0.0700833
0.0139508
0.0289499
0.0437557
0.0151444
0.0895749
0.0104978
0.0524881
0.0264221
0.0856141
0.0472192
0.0888041
0.05175
0.0925481
0.0305332
0.0194192
0.0605786
0.0248813
0.0938584
0.0196772
0.0614261
0.00902892
0.0782765
0.0756557
0.0247008
0.0223462
0.0230932
0.0661949
0.0707971
0.0183421
0.0204478
0.049525
0.0224404
0.0445423
0.0566273
0.0453454
0.0102313
0.0200871
0.0757587
0.0490999
0.0284553
0.0675986
0.0718954
0.0424278
0.00609972
0.0277124
0.0251805
0.0706821
0.0359503
0.0695235
0.0789931
0.0578914
0.0509259
0.0519649
0.0623831
0.0339311
0.0567235
0.0371139
0.0412104
0.0895509
0.0376641
0.0409072
0.0791492
0.0511785
0.0387624
0.0496331
0.0365836
0.0921392
0.0229872
0.0829466
0.0806348
0.0322134
0.0360994
0.0280919
0.019834
0.0299763
0.064589
0.00922836
0.0322176
0.0788499
0.0361894
0.0901152
0.00827587
0.0401476
0.0257618
0.00227222
0.0112729
0.0687689
0.0469292
0.0754788
0.025288
0.00604658
0.064539
0.0282186
0.0452062
0.0441806
0.078881
0.0464846
0.0544554
0.061257
0.032072
0.0222583
5.08354e-005
0.00456221
0.0359064
0.0816743
0.0877147
0.00763097
0.0110319
0.0159899
0.054152
0.0481945
0.0901964
0.0567203
0.00304744
0.0279079
0.0538056
0.016709
0.0375005
0.0752292
0.0279422
0.0572982
0.0353373
0.0591118
0.0603266
0.073103
0.0263546
0.0305369
0.0677496
0.0948545
0.055735
0.0224525
0.0598326
0.029495
0.0514468
0.0625156
0.0361515
0.0563024
0.0168658
0.0460442
0.0246279
0.0416788
0.0353386
0.0381857
0.0727207
0.0890728
0.0121901
0.0466601
0.0615962
0.0776933
0.0125893
0.00271643
0.0224636
0.0885998
0.0258123
0.0694367
0.0887569
0.0721234
0.0239079
0.0675484
0.0732314
0.0604213
0.044481
0.0695091
0.0382119
0.0635394
0.0254287
0.0737711
0.0120454
0.0173739
0.0349572
0.0848881
0.0379973
0.00309502
0.00935016
0.0846082
0.0950979
0.0810592
0.0430445
0.0807714
0.0156172
0.017432
0.0383937
0.0484253
0.0486064
0.0125874
0.010237
0.00358837
0.022505
0.0743133
0.0654505
0.0402283
0.0847372
0.0186409
0.0725783
0.071592
0.0165701
0.0236884
0.089607
0.0368502
0.0742306
0.0589934
0.0684679
0.0479843
0.0421509
0.0781116
0.0782153
0.0767756
0.0588477
0.0187819
0.0786764
0.018869
0.0584355
0.0588028
0.0249148
0.0136941
0.0568395
0.00252045
0.0555926
0.0885136
0.0442744
0.0492158
0.0497837
0.0290524
0.0886076
0.0690488
0.0724313
0.00212864
0.0603594
0.0431447
0.0826931
0.00260727
0.0663881
0.0263331
0.00531077
0.0355317
0.0793626
0.0153568
0.0084945
0.0211646
0.029797
0.0242432
0.0643896
0.0713471
0.000652341
0.0224058
0.034872
0.0486607
0.0511314
0.0374444
0.00418464
0.0354688
0.00776342
0.0514362
0.00983059
0.041684
0.077369
0.0416441
0.0799649
0.0382689
0.0591678
0.0257651
0.0224913
0.0784298
0.0909587
0.0144457
0.0478993
0.0103847
0.043865
0.0739619
0.00695322
0.000360205
0.00714041
0.0602431
0.056217
0.0903756
0.0457078
0.0115606
0.0137389
0.0468501
0.0450394
0.0806348
0.0531147
0.0710231
0.0736625
0.081868
0.0108877
0.0785653
0.0481992
0.0922921
0.0199761
0.0493955
0.0902778
0.0278086
0.021471
0.0583469
0.0032393
0.0279063
0.0830636
0.0335063
0.0589656
0.0311964
0.00430586
0.0542312
0.043141
0.0216718
0.0378307
0.0847515
0.0933682
0.0458669
0.0939377
0.0106165
0.0783623
0.08438
0.0939289
0.0328369
0.0156477
0.000992407
0.0318243
0.0640968
0.0351685
0.0934117
0.0236141
0.0169963
0.0157772
0.0115339
0.0619277
0.0195795
0.074363
0.0324463
0.0325772
0.0577544
0.0906457
0.0171733
0.0215603
0.0877685
0.0322664
0.0661731
0.0865992
0.00933011
0.0535982
0.0777838
0.0175328
0.0393382
0.0645723
0.0660508
0.0358229
0.050599
0.0632543
0.0867718
0.0096164
0.0377993
0.065562
0.0935601
0.0224767
0.0857608
0.0862634
0.0124371
0.059463
0.0120441
0.00332522
0.00967122
0.0133317
0.0475738
0.0497762
0.0570663
0.0621932
0.0372756
0.0753538
0.0355873
0.0850395
0.076805
0.0351216
0.0426447
0.0514574
0.0822988
0.0245325
0.0294819
0.00905546
0.0907607
0.0303508
0.0793437
0.0388768
0.0438343
0.0337014
0.0553681
0.0631546
0.0930211
0.0354776
0.0880619
0.0513649
0.0192901
0.0133686
0.0184343
0.0213506
0.00140712
0.0902696
0.0532532
0.0127581
0.0639698
0.0161
0.0461482
0.0539129
0.0183865
0.00572373
0.0581233
0.0352614
0.049801
0.030961
0.0474565
0.0753425
0.0818613
0.0795328
0.0679427
0.00985809
0.088639
0.0734679
0.00499132
0.0779716
0.0664498
0.0805439
0.0631546
0.0283401
0.0420429
0.0282681
0.012945
0.0856287
0.0658509
0.0410263
0.0447855
0.0533269
0.0502535
0.0366989
0.0325921
0.0138781
0.0709979
0.0470174
0.0892873
0.0282832
0.0708271
0.0444988
0.0206921
0.0167257
0.0602722
0.0830981
0.0700735
0.0629758
0.0721026
0.0211659
0.0890094
0.0341359
0.088749
0.0800672
0.0885762
0.0162021
0.00847415
0.0581233
0.04621
0.0134128
0.0285535
0.0854387
0.079193
0.0245277
0.0694367
0.0255403
0.0403955
0.0903593
0.0134152
0.0347473
0.0872103
0.0876302
0.0349499
0.0477713
0.0018909
0.0825635
0.0808366
0.0571151
0.0469622
0.0117514
0.0343703
0.0329406
0.039768
0.0891759
0.0596579
0.0134523
0.0355292
0.0116717
0.00663032
0.0109408
0.00183183
0.0104295
0.00772442
0.0505683
0.0237401
0.092046
0.0896471
0.010136
0.0547084
0.0388075
0.0538693
0.0562834
0.000174212
0.0714337
0.0215812
0.0214283
0.0879459
0.0531429
0.0792495
0.000764922
0.00833535
0.0978112
0.00760933
0.0487318
0.0439112
0.0561571
0.0623094
0.0824683
0.0928313
0.0144035
0.0495397
0.0161561
0.0896552
0.0685757
0.0258363
0.0750712
0.0833889
0.0379195
0.0921901
0.0691776
0.0850106
0.0197502
0.0153412
0.0631426
0.0887569
0.0562265
0.00598083
0.0976776
0.0529294
0.0369919
0.0345125
0.0487959
0.0241257
0.0616341
0.0348295
0.0167341
0.0591817
0.0168908
0.0873244
0.00953134
0.0845368
0.00199988
0.0918264
0.0863974
0.0675302
0.0302646
0.0403385
0.0244851
0.0675667
0.0137525
0.0462057
0.000487653
0.0108022
0.0424945
0.0626997
0.0434123
0.000436952
0.0767579
0.0776511
0.0808693
0.0120128
0.0723214
0.0394265
0.0126257
0.0101477
0.010224
0.0640558
0.0155725
0.0362366
0.0695429
0.0605859
0.0326644
0.0069872
0.0369059
0.0424206
0.05213
0.0209559
0.0351216
0.0336856
0.0515289
0.0532759
0.00655015
0.0481736
0.0522743
0.0248319
0.0400945
0.0454587
0.038901
0.0875306
0.0493152
0.0247448
0.0576281
0.000911866
0.104598
0.0174284
0.0142337
0.0164061
0.0868697
0.0161008
0.0331029
0.0966589
0.0808432
0.0835838
0.0824343
0.0834445
0.0380753
0.0367839
0.0541696
0.000543667
0.0333567
0.064941
0.0804339
0.0592904
0.0407507
0.0667734
0.00797311
0.0547413
0.0962685
0.0664895
0.0636606
0.00188861
0.0487128
0.071119
0.0943539
0.0790492
0.0731191
0.0419865
0.0493785
0.0142149
0.00473443
0.0458019
0.0665337
0.0729751
0.00772991
0.0552703
0.0350613
0.0655405
0.0576646
0.0288273
0.0512335
0.0398964
0.0227118
0.0203944
0.0315127
0.0518868
0.0539739
0.0540906
0.0323624
0.00736121
0.00589077
0.0277631
0.0806478
0.013415
0.0554663
0.00978275
0.0700882
0.052217
0.00453296
0.0686463
0.0634911
0.0228471
0.0610478
0.0897275
0.0821502
0.053222
0.0883105
0.0594453
0.0871723
0.00761217
0.035528
0.0737222
0.0140102
0.0456577
0.0428272
0.0804662
0.0101857
0.0294958
0.0183474
0.0556668
0.0360266
0.0789993
0.000916886
0.0458753
0.0771781
0.0292348
0.0918264
0.0733656
0.0138808
0.0277347
0.0760754
0.0151385
0.084238
0.0243387
0.0237711
0.0160234
0.0462847
0.00862388
0.0487579
0.0540584
0.00443009
0.0146733
0.0794949
0.0695961
0.0123938
0.0310416
0.00859441
0.0644476
0.00369066
0.0576314
0.0471303
0.0586169
0.089391
0.0572
0.0284723
0.0509908
0.0306754
0.0802083
0.0481204
0.0846297
0.00806049
0.0392518
0.0154033
0.0913405
0.0129196
0.0821974
0.0709879
0.0250331
0.0704483
0.0356723
0.0684772
0.0887962
0.00560992
0.085519
0.00505443
0.0802598
0.00764157
0.0875306
0.0209968
0.00510819
0.0835629
0.0340291
0.0151934
0.00926063
0.049257
0.00320669
0.0169051
0.0197724
0.00169361
0.0135963
0.0518787
0.0712608
0.016697
0.00436443
0.00637693
0.0487484
0.0745624
0.0152661
0.0381464
0.0446995
0.0819417
0.0408555
0.0763365
0.0428437
0.0404167
0.0666445
0.0718696
0.0714337
0.0925053
0.0927024
0.0406052
0.0051925
0.0237807
0.0599042
0.0574594
0.0856581
0.0936039
0.0752688
0.0742306
0.0909091
0.031474
0.0016752
0.0450495
0.00646027
0.0325952
0.0563246
0.0948276
0.0417902
0.085148
0.0166003
0.0631506
0.0443962
0.0625899
0.0294984
0.0660726
0.0949535
0.0380898
0.0294325
0.0616683
0.0440717
0.00227785
0.0895109
0.0470572
0.0124095
0.0480395
0.0493176
0.092437
0.0564548
0.0173857
0.0726204
0.0297156
0.061227
0.0798691
0.047275
0.0527397
0.0714388
0.00897436
0.0097347
0.0239136
0.061317
0.0637133
0.0305081
0.0239153
0.047576
0.017635
0.0673983
0.0864048
0.0598076
0.0369973
0.0109878
0.0159286
0.0833611
0.0524331
0.0476916
0.00491547
0.0941852
0.0692446
0.00956805
0.0809478
0.0559812
0.0121251
0.0935077
0.0271642
0.0255742
0.00387972
0.072631
0.0590944
0.0277078
0.0144155
0.0408338
0.0603557
0.0723789
0.0217694
0.08438
0.0841176
0.0128672
0.0134096
0.0279149
