0.0399023
0.0816667
0.0642202
0.052017
0.0553047
0.0292712
0.0839041
0.0317975
0.0533188
0.0379551
0.0839041
0.0856643
0.0364855
0.0633075
0.0483712
0.000867088
0.0234562
0.0155457
0.0441839
0.00316109
0.125641
0.0539054
0.0739065
0.0160288
0.00891557
0.0593939
0.000884349
0.0223235
0.011899
0.0328638
0.00774949
0.0157253
0.071953
0.000613036
0.0454545
0.00473247
0.102296
0.0553047
0.0370091
0.0379551
0.0316947
0.0669399
0.0101219
0.0960784
0.0202983
0.0724852
0.0143653
0.0421324
0.0306442
0.0241975
0.0334928
0.0172171
0.00788669
0.0371494
0.0109399
0.0565167
0.0234787
0.0206664
0.0443038
0.0630631
0.0610973
0.076324
0.0743551
0.000515784
0.0725926
0.0955166
0.0274818
0.0983936
0.0421687
0.100823
0.0551181
0.087344
0.0723781
0.000420316
0.00888003
0.0705036
0.0462701
0.0596107
0.0653333
0.0749235
0.0155309
0.0371494
0.0826307
0.0238791
0.0162899
0.0834753
0.0265439
0.0751534
0.0377504
0.0900735
0.0377213
0.0820771
0.0625
0.0204337
0.0219928
0.00128704
0.0502049
0.0270419
0.0884477
0.0414552
0.00801439
0.0420962
0.0177923
0.023798
0.00646609
0.0420601
0.111872
0.0339335
0.0714286
0.0929791
0.00735736
0.0188534
0.0343619
0.0399348
0.0826307
0.00714702
0.0667575
0.0685315
0.0445455
0.031901
0.030191
0.0390127
0.068917
0.0560641
0.0223133
0.0671233
0.0264579
0.0870337
0.0497967
0.0701001
0.0223031
0.0303406
0.0766823
0.0619469
0.0421324
0.0514706
0.0774092
0.0230805
0.0777778
0.0953307
0.0397083
0.0597561
0.0497967
0.0549327
0.0349252
0.0547486
0.00966279
0.064389
0.0547486
0.0241737
0.0640523
0.0555556
0.0236601
0.0509886
0.0586826
0.115023
0.0645586
0.0515247
0.0204678
0.0787781
0.0419521
0.0398698
0.0758514
0.0659489
0.0997963
0.0533188
0.076087
0.0384615
0.0617128
0.0887681
0.045203
0.0474347
0.0549327
0.00431034
0.0745814
0.0136452
0.101871
0.086116
0.0293413
0.0201563
0.0985915
0.0125802
0.0638021
0.0685315
0.0477583
0.013432
0.0232117
0.0758514
0.0241142
0.0714286
0.0420962
0.0843373
0.0315722
0.0331529
0.0586124
0.00245552
0.0634715
0.035533
0.0442638
0.0325581
0.0158116
0.0717423
0.057377
0.0418089
0.0239609
0.0184211
0.0714286
0.00354251
0.0753846
0.064389
0.0239141
0.0471154
0.0558087
0.038522
0.0651596
0.0255075
0.0364855
0.00347987
0.0251282
0.065073
0.0186241
0.0415254
0.0596107
0.0412458
0.0357143
0.034194
0.00554612
0.0467557
0.0368144
0.00907239
0.0809917
0.0475267
0.0421324
0.0464015
0.0610212
0.0663957
0.0139681
0.014844
0.00264822
0.0506198
0.0150491
0.0591787
0.00730253
0.0748092
0.086116
0.0442638
0.035
0.0555556
0.00588447
0.0533188
0.0168791
0.0683403
0.0329523
0.0115484
0.116667
0.0338866
0.0140321
0.0210481
0.0423143
0.0331978
0.0591074
0.0983936
0.0698006
0.0267467
0.0126256
0.0206316
0.038014
0.00316047
0.0781499
0.0796748
0.056
0.0478049
0.0163116
0.0715328
0.0466667
0.0129253
0.0647292
0.0693069
0.0261055
0.058264
0.0109669
0.0882883
0.065508
0.084922
0.111111
0.0811258
0.0394525
0.084922
0.0302656
0.102296
0.00462439
0.0510949
0.0193752
0.0551802
0.0644737
0.0663058
0.0740181
0.0697013
0.0712209
0.112903
0.0521832
0.0252447
0.0186454
0.0651596
0.0224256
0.0428696
0.04375
0.00768748
0.0808581
0.0277778
0.00777284
0.0651596
0.0525188
0.0321311
0.0744681
0.0741301
0.0120157
0.0441441
0.016388
0.0786517
0.0075524
0.0862676
0.0155803
0.0722714
0.0198864
0.0521277
0.0709117
0.0528017
0.0972222
0.0974155
0.0746951
0.0724852
0.0452447
0.0145271
0.0421324
0.0162737
0.0724852
0.0784
0.0539054
0.0464455
0.0811258
0.013204
0.0293589
0.0728083
0.0746951
0.0737952
0.0935115
0.000607082
0.0987903
0.0452865
0.0991903
0.0135098
0.0461394
0.00071066
0.0871886
0.02
0.0864198
0.0714286
0.00776299
0.0276524
0.0662162
0.00663777
0.0195219
0.0152221
0.0603448
0.0278251
0.0856643
0.0310914
0.016193
0.0477118
0.0569767
0.0529158
0.0240786
0.0553047
0.0753846
0.0160393
0.041988
0.00904894
0.0427948
0.0799347
0.0974155
0.0960784
0.0432862
0.049949
0.00942489
0.025323
0.00661804
0.0352518
0.0895795
0.0688202
0.0875
0.0674003
0.0676796
0.0197025
0.0118932
0.025
0.0194213
0.0730253
0.0120127
0.0553047
0.0223949
0.0473888
0.0324718
0.0279202
0.059322
0.0256142
0.0301353
0.0611735
0.0865724
0.0535519
0.0403292
0.0621827
0.038858
0.0674931
0.011086
0.00834611
0.0534351
0.0633894
0.0274203
0.0266449
0.0407993
0.00873285
0.0464015
0.0276212
0.0879713
0.00563154
0.0697013
0.0239609
0.0935115
0.069209
0.0050133
0.0206577
0.00441601
0.0690141
0.0672154
0.0662162
0.0753846
0.0593939
0.0409015
0.081803
0.0487078
0.0159246
0.0126029
0.0143822
0.0910781
0.0611735
0.0386435
0.0426829
0.00213703
0.0466223
0.0246479
0.0156951
0.023048
0.0756173
0.0229079
0.0249873
0.0743551
0.00387413
0.0459231
0.0517423
0.062341
0.0865724
0.0748092
0.0399674
0.00954236
0.0315925
0.0184211
0.0362963
0.0377213
0.0871886
0.0202396
0.039644
0.057715
0.0856643
0.0562572
0.0147724
0.00955538
0.0690141
0.0307982
0.057783
0.0304916
0.0204508
0.00972608
0.0951456
0.0386131
0.0118386
0.00100606
0.045709
0.0645586
0.0578512
0.0406639
0.0295003
0.0369532
0.0138732
0.126615
0.0251153
0.0207276
0.0513089
0.0786517
0.0270868
0.0782748
0.0507772
0.0208866
0.0829103
0.0468004
0.034975
0.0457516
0.086116
0.00960031
0.00881136
0.111111
0.0882883
0.0694051
0.0127937
0.0690141
0.0321945
0.0847751
0.0502564
0.0332203
0.00580706
0.0698006
0.0604938
0.0579882
0.0464455
0.0915888
0.0466667
0.0262735
0.0850694
0.0568445
0.0603448
0.0114943
0.0808581
0.0983936
0.0411419
0.0540839
0.0041656
0.00450078
0.0512552
0.0120127
0.0320471
0.0227167
0.0739065
0.043058
0.0397727
0.0441044
0.0598291
0.013388
0.0217584
0.0801964
0.0390438
0.0735736
0.0610973
0.0213229
0.00545111
0.0167064
0.0794165
0.0203997
0.0852174
0.0811258
0.0262594
0.0381323
0.0879713
0.0201149
0.0667575
0.0745814
0.0895795
0.0658602
0.0521277
0.0514166
0.0248227
0.0258439
0.0214912
0.104925
0.0664858
0.0924528
0.00299091
0.00771775
0.0728083
0.0549944
0.0945946
0.0456238
0.0205021
0.0189996
0.0614806
0.067867
0.00756874
0.0599755
0.0705036
0.0240314
0.0192006
0.0570431
0.0237403
0.0598291
0.000902427
0.0253755
0.0651596
0.0737952
0.0337698
0.039644
0.0575117
0.0776545
0.0154379
0.103376
0.0805921
0.10124
0.0815308
0.0871886
0.0330858
0.0357925
0.035025
0.0779014
0.0679612
0.0541436
0.000878278
0.056713
0.11086
0.0103594
0.0295715
0.0658602
0.064389
0.0168269
0.0657718
0.075969
0.00947959
0.029679
0.00125593
0.0399023
0.011144
0.0723781
0.0575793
0.0765625
0.0107221
0.0521277
0.0227167
0.0554926
0.10124
0.00232547
0.0703013
0.0376923
0.0141088
0.0653333
0.0733533
0.0462264
0.0686275
0.0655957
0.0646438
0.0124714
0.0189189
0.0658602
0.00462963
0.0947776
0.0695035
0.0292537
0.0570431
0.065508
0.062341
0.0643045
0.1
0.0354046
0.00305582
0.0361891
0.00466134
0.0617128
0.0533188
0.0198622
0.00868794
0.025154
0.0816667
0.0530303
0.0199025
0.0831919
0.0356105
0.0915888
0.0213136
0.0543237
0.0960784
0.0222525
0.013714
0.0764431
0.0117845
0.0439068
0.0124271
0.0780255
0.0447489
0.0563867
0.0616352
0.0506722
0.0660377
0.00534584
0.0556186
0.0515247
0.0208068
0.0551181
0.00731452
0.0708092
0.0520723
0.090573
0.0321101
0.0822148
0.103594
0.00137174
0.0668486
0.0887681
0.0183658
0.0646438
0.0344343
0.0512017
0.0295715
0.0497462
0.0631443
0.0765625
0.0564516
0.0487562
0.0672154
0.0762053
0.0794165
0.0368976
0.0571096
0.0972222
0.0724852
0.0520723
0.057715
0.0748092
0.00588377
0.0970297
0.0200409
0.0892532
0.0757342
0.0225184
0.0833333
0.0723781
0.0823529
0.054384
0.076324
0.0130389
0.0294294
0.0127571
0.0730253
0.069209
0.0205107
0.0464455
0.0608696
0.0655957
0.018688
0.0234002
0.00629335
0.00617284
0.047025
0.0401969
0.0165429
0.104478
0.0384314
0.0374904
0.00725496
0.0717423
0.0498982
0.0779014
0.0672154
0.00205107
0.0340042
0.040131
0.0887681
0.00833759
0.000512092
0.0043382
0.0212029
0.0456664
0.0117987
0.0890909
0.0252317
0.0133843
0.0968379
0.105376
0.0136073
0.0171389
0.0198461
0.075969
0.0185958
0.0216814
0.0143443
0.00459662
0.0746951
0.0029456
0.0272071
0.0855148
0.0813953
0.0490982
0.00455179
0.0947776
0.0288405
0.0536692
0.0253755
0.00294259
0.0576471
0.102941
0.0658602
0.0220225
0.0774092
0.0781499
0.0652463
0.0785256
0.0314304
0.0516878
0.10515
0.000584182
0.0565167
0.0879713
0.0483235
0.0131438
0.00311744
0.0693069
0.00587037
0.00579744
0.0227378
0.00246566
0.0496454
0.0329523
0.00824777
0.0060241
0.029679
0.0545657
0.077044
0.0239024
0.0337698
0.0894161
0.00995328
0.0383112
0.0766823
0.0109107
0.0440252
0.0536692
0.0780255
0.0426087
0.0672154
0.0345314
0.0917603
0.00276821
0.0491968
0.0938697
0.0442638
0.0855148
0.0164099
0.0182836
0.0435169
0.0654206
0.0733533
0.0478049
0.0820771
0.049049
0.0136681
0.019782
0.0154428
0.0429072
0.0106731
0.0547486
0.0515247
0.0405629
0.0579882
0.0343619
0.0354046
0.00404357
0.00896287
0.0516878
0.0867257
0.0106268
0.0749235
0.0308953
0.0124968
0.0347271
0.0757342
0.0569767
0.0756173
0.0570431
0.0636364
0.0484669
0.0945946
0.00838323
0.058753
0.0657718
0.0604192
0.0469799
0.0781499
0.0660377
0.0685315
0.0409357
0.000817894
0.0468004
0.0834753
0.0402961
0.0412111
0.00904894
0.0951456
0.0545657
0.0606436
0.078905
0.0824916
0.0423509
0.0664858
0.017187
0.0751534
0.0957031
0.0258848
0.0694051
0.0601227
0.0191257
0.0334015
0.0493952
0.0627401
0.0294471
0.0675862
0.00311824
0.00419449
0.0342418
0.016145
0.0567787
0.0672154
0.0748092
0.0181012
0.0660377
0.0843373
0.0484669
0.0569767
0.0878136
0.0248101
0.0279521
0.0520723
0.053203
0.0510949
0.0847751
0.0145401
0.0412805
0.00390718
0.0457944
0.0418089
0.0781499
0.10166
0.0830508
0.0819398
0.0886076
0.004946
0.0909091
0.0554299
0.0970297
0.00385281
0.0702006
0.054384
0.0917603
0.0443439
0.0472517
0.0602706
0.0429825
0.0226957
0.0429825
0.0591787
0.041988
0.023798
0.0795455
0.0608696
0.0724852
0.0369254
0.0728083
0.0139681
0.0454968
0.0622618
0.0677732
0.0575793
0.000619312
0.0199755
0.0809917
0.0230155
0.0924528
0.050308
0.0657718
0.0661269
0.0531453
0.0960784
0.0449954
0.0707071
0.0651596
0.0235238
0.0556818
0.0335616
0.0882883
0.0236715
0.090573
0.0541436
0.00112303
0.108168
0.0855148
0.0263441
0.0433628
0.057377
0.0642202
0.0618687
0.0886076
0.0542035
0.0534351
0.031052
0.0907407
0.0593939
