0.0429088
0.0270417
0.0656646
0.0866087
0.0804523
0.0163493
0.0844927
0.00558923
0.0363716
0.0521903
0.0856553
0.0103608
0.00610519
0.081854
0.0461282
0.0791985
0.0896006
0.0518642
0.0695725
0.0268898
0.0657165
0.0307559
0.048728
0.107051
0.0816126
0.0375849
0.0649114
0.0846651
0.00152051
0.0701408
0.00182973
0.0229134
0.0601159
0.0404483
0.0637644
0.0727007
0.00784969
0.0908759
0.0276574
0.0737996
0.00556748
0.0118099
0.0500805
0.0426662
0.0678105
0.083
0.0951835
0.0842355
0.0896651
0.0438767
0.0801932
0.0731492
0.0799101
0.0192397
0.0203265
0.0203848
0.0830554
0.0747075
0.00848006
0.0145342
0.0431542
0.042835
0.0234353
0.0473294
0.0481252
0.0553579
0.0420182
0.0394424
0.0610444
0.0323545
0.0378535
0.0601595
0.0148205
0.0316996
0.0221255
0.0419263
0.0301015
0.0425641
0.0396055
0.00708272
0.000750549
0.0458986
0.00333191
0.0470699
0.0514569
0.0182766
0.00768068
0.0378592
0.0919158
0.0374831
0.0376133
0.0765683
0.0817197
0.00581029
0.0210269
0.0559048
0.0312265
0.0551251
0.0245708
0.0269685
0.0424191
0.0261472
0.0984968
0.0490544
0.0286932
0.0232493
0.057466
0.0358067
0.0883605
0.0142841
0.0252689
0.0233277
0.0401419
0.0905125
0.012558
0.0467518
0.084464
0.0368125
0.0362868
0.0710211
0.102259
0.0610294
0.0739092
0.0454878
0.011189
0.0907765
0.0986529
0.0296147
0.0493558
0.0605987
0.0790978
0.0433043
0.00530318
0.0385747
0.0315389
0.0848671
0.084925
0.053137
0.0613603
0.0802449
0.0490157
0.0835851
0.0425641
0.0275992
0.0197588
0.0211089
0.0512768
0.0834171
0.0230983
0.0724469
0.0649114
0.082314
0.0177997
0.0459749
0.0891515
0.0059249
0.0951108
0.0591028
0.034728
0.00638494
0.0816929
0.0778125
0.0749774
0.079629
0.0654058
0.0233847
0.0493754
0.0156172
0.0251464
0.0478662
0.0211124
0.0723417
0.0934334
0.0104842
0.0105567
0.0572151
0.00346478
0.0798333
0.0286043
0.087246
0.0398719
0.0318659
0.0186057
0.016535
0.0149991
0.0554442
0.0695725
0.02959
0.0468662
0.0801674
0.0968495
0.0607762
0.0055141
0.0364621
0.0207742
0.0634233
0.0613603
0.000696132
0.0806347
0.00452612
0.0288128
0.00750203
0.0833333
0.0202868
0.0334677
0.0941043
0.0635528
0.0228797
0.0206965
0.0211268
0.0802191
0.0379979
0.0929451
0.0660302
0.0656646
0.0438767
0.0657513
0.0795781
0.0884861
0.0277283
0.0192695
0.0441568
0.0632622
0.0474557
0.0181183
0.0412798
0.0752493
0.00825652
0.00254515
0.0947489
0.0882979
0.0893434
0.0874912
0.06171
0.0917803
0.00119968
0.0831108
0.0341892
0.0817466
0.00416395
0.0154438
0.0539078
0.0459579
0.0731063
0.00408907
0.0477194
0.0911754
0.0136028
0.096139
0.0111604
0.00843496
0.0413141
0.0296994
0.0252664
0.0267024
0.0251693
0.0937147
0.0413072
0.0318822
0.0475917
0.0845788
0.035848
0.0466379
0.0517456
0.00792539
0.0816393
0.0969626
0.0827793
0.0102423
0.0769706
0.0264051
0.0440318
0.0137486
0.0113228
0.039675
0.0261335
0.0848093
0.0191568
0.0832776
0.0884861
0.0831663
0.0272101
0.0448164
0.0761002
0.0634557
0.101924
0.030974
0.0856848
0.0274653
0.0146972
0.0346266
0.0790978
0.062752
0.0485759
0.0770421
0.00126339
0.0934334
0.0110637
0.0604956
0.00968231
0.0462653
0.012621
0.0550641
0.0845501
0.0811075
0.0339422
0.00074647
0.0251973
0.0623435
0.00332995
0.0703589
0.0668995
0.0870021
0.00522944
0.0440163
0.0477194
0.0114451
0.101302
0.0377903
0.0535254
0.0878617
0.0905784
0.0379689
0.0248354
0.0156496
0.0263269
0.0726371
0.0806347
0.0432592
0.00976356
0.0243664
0.0777882
0.05563
0.0575058
0.0276882
0.031519
0.0264922
0.0677551
0.0352641
0.0581232
0.0614511
0.0735164
0.085951
0.0618941
0.0329845
0.0134015
0.0952928
0.0296287
0.0292151
0.00817627
0.0750226
0.0952199
0.0323503
0.0394987
0.00182642
0.0179162
0.00500432
0.101178
0.0553456
0.0932934
0.0149451
0.0726371
0.00123934
0.0114042
0.0298061
0.042931
0.0290142
0.0332932
0.0654058
0.00162179
0.0243235
0.0334767
0.0647931
0.0308359
0.0329583
0.0419263
0.0446237
0.0227314
0.0651151
0.00938914
0.0187556
0.0547132
0.0600434
0.0427835
0.000935313
0.0288629
0.0124725
0.0289266
0.0108237
0.0499699
0.0769944
0.0886436
0.0558546
0.0583548
0.00623638
0.081002
0.0162437
0.0179175
0.0669355
0.0987703
0.00634136
0.0725736
0.0492874
0.026172
0.0440163
0.0705982
0.0370315
0.0930841
0.0630061
0.0318496
0.0143095
0.00319448
0.0289501
0.0556922
0.00091137
0.0566553
0.0196233
0.0642249
0.0351844
0.0234574
0.0530239
0.0682566
0.0398082
0.0836975
0.0957324
0.0597696
0.0700619
0.0788973
0.00240701
0.0234795
0.0467255
0.0447198
0.0741513
0.0378017
0.064441
0.0187953
0.0690707
0.0281547
0.0196434
0.032789
0.0333825
0.0428277
0.00611268
0.075753
0.0884861
0.00261513
0.019828
0.0126537
0.0430275
0.0231198
0.0901194
0.0876144
0.0771137
0.0914769
0.0136911
0.0911754
0.092772
0.0141477
0.0933283
0.0165514
0.0426443
0.0778612
0.0107115
0.0355258
0.0952563
0.03174
0.0578666
0.0172965
0.0850991
0.0171938
0.0142302
0.0401807
0.0139982
0.0167384
0.0641092
0.0749097
0.0866992
0.039656
0.0665064
0.0486804
0.0336396
0.0556176
0.0871239
0.0280595
0.0471234
0.0947128
0.0388334
0.00928412
0.0710616
0.0877069
0.0213057
0.0376987
0.0529224
0.00632285
0.0329758
0.0583002
0.0856259
0.0766862
0.0203731
0.0874605
0.0189729
0.033804
0.0058921
0.098692
0.0822053
0.0548096
0.0190586
0.000858837
0.0907104
0.0278523
0.0469457
0.00454056
0.0174847
0.0347814
0.0657165
0.046077
0.0266738
0.0629106
0.0683878
0.0789223
0.0589628
0.0693593
0.0243568
0.0657165
0.0651151
0.0850991
0.0171099
0.00665811
0.0085201
0.0779343
0.0929104
0.0389671
0.0119219
0.0631659
0.0271006
0.0906773
0.0322288
0.0872766
0.00995005
0.0519833
0.00776717
0.0562712
0.0202637
0.0454545
0.00197927
0.035704
0.0904468
0.0638789
0.0436842
0.0648269
0.00323747
0.0198691
0.0239654
0.0222004
0.0471502
0.0870934
0.0898593
0.0308359
0.0336896
0.0242077
0.0770898
0.0727007
0.0769944
0.0115615
0.0431692
0.0250604
0.0399807
0.0351397
0.0525206
0.0328323
0.0127405
0.00660688
0.0881104
0.0297491
0.0961761
0.0762167
0.0845214
0.000336211
0.00253074
0.0595836
0.0239193
0.0756379
0.0673884
0.0716547
0.0960648
0.0879237
0.108308
0.0876144
0.0795019
0.0761235
0.0225543
0.078179
0.0365585
0.0634395
0.0495917
0.058768
0.0231649
0.00760259
0.0529112
0.0397003
0.0208665
0.0562204
0.0103638
0.0667739
0.0201587
0.000845871
0.00698555
0.0647763
0.00978005
0.0887068
0.0461282
0.0243212
0.00911087
0.0428645
0.022719
0.0759378
0.0358686
0.0512768
0.0735816
0.0407595
0.0577057
0.0776185
0.0262078
0.00333879
0.058907
0.0692629
0.0470967
0.0120552
0.0102697
0.0597696
0.00648387
0.0615879
0.00591098
0.0491027
0.06133
0.011374
0.0712243
0.0954755
0.0412593
0.0114157
0.0038496
0.019847
0.0243426
0.00247139
0.0297491
0.00686783
0.0531257
0.0880481
0.0558923
0.0363929
0.0361393
0.0393489
0.0715723
0.059827
0.0136979
0.0528214
0.0549063
0.00973797
0.0800129
0.0458902
0.0281356
0.0679585
0.05062
0.0813992
0.0042321
0.0947849
0.070339
0.00805408
0.0558672
0.0376019
0.00638036
0.0565524
0.0555184
0.00652499
0.0898268
0.0404024
0.00288472
0.0571757
0.0294884
0.0201196
0.0655954
0.072722
0.0590047
0.0972276
0.0542129
0.0886121
0.00601377
0.0109455
0.0102423
0.00299088
0.0645412
0.00993536
0.0312735
0.0281229
0.0519833
0.0300761
0.0241701
0.0608951
0.0174896
0.0211915
0.0655436
0.0668815
0.00056449
0.0795273
0.0805825
0.0134908
0.0381785
0.0673337
0.0729991
0.0711835
0.0645412
0.0995204
0.017341
0.0788474
0.0207933
0.0715517
0.0161186
0.0897621
0.0226631
0.0530126
0.029133
0.0721739
0.0767571
0.0922564
0.0108952
0.0665064
0.0472307
0.00740609
0.0181183
0.0436153
0.0187528
0.0722367
0.0122203
0.00379122
0.0808967
0.0674797
0.0633427
0.062673
0.0789975
0.0406863
0.0048707
0.0627678
0.000128855
0.0521357
0.0887068
0.0520267
0.0321747
0.00144314
0.0323293
0.00479824
0.0472934
0.037865
0.0870325
0.0737559
0.0278648
0.0942111
0.0538029
0.0900868
0.0816661
0.00253291
0.00667113
0.0539428
0.0145537
0.0341798
0.0430052
0.0784994
0.0017744
0.0507335
0.0359048
0.0717579
0.0863983
0.099006
0.00724553
0.00977774
0.00010937
0.0469103
0.0686897
0.0182191
0.0755003
0.0534794
0.0654746
0.0627204
0.0490157
0.0868201
0.020105
0.0560685
0.0566424
0.0747748
0.0128218
0.0385091
0.0135311
0.0161395
0.0211789
0.0532734
0.0514357
0.0220569
0.0854789
0.0644911
0.0454048
0.0857143
0.0354853
0.038533
0.0353945
0.0484342
0.0615575
0.0817197
0.0277314
0.0314196
0.0959168
0.0401225
0.0359983
0.0563094
0.0278461
0.030794
0.0205751
0.0387308
0.0537913
0.00968231
0.0364301
0.0499699
0.0928066
0.0657686
0.065064
0.0526761
0.0535024
0.0661355
0.0400902
0.0725313
0.0829447
0.0899566
0.0407595
0.0537913
0.0600724
0.0209402
0.0765212
0.0024041
0.0769468
0.0808179
0.0699045
0.0868504
0.0886436
0.0933283
0.0693593
0.0150417
0.0636503
0.0365156
0.00845386
0.0337627
0.074395
0.0146799
0.0238186
0.0747972
0.086911
0.0813194
0.0111724
0.0572941
0.0948571
0.0326515
0.0539545
0.0590187
0.0720486
0.0361027
0.00067773
0.0636503
0.0270799
0.0210535
0.00712671
0.0607317
0.0291877
0.0508994
0.096699
0.07968
0.0778612
0.0265912
0.00664124
0.0542957
0.037517
0.0236288
0.0894075
0.0251033
0.0521466
0.00615681
0.0839798
0.0660653
0.0571232
0.0602177
0.0889286
0.0800129
0.0474647
0.0241232
0.0194486
0.00132973
0.0697284
0.0706985
0.0220198
0.0662058
0.0683128
0.0374718
0.0484153
0.0426662
0.0242619
0.0688987
0.0657686
0.0535139
0.00671268
0.0856553
0.0264135
0.0915105
0.0129796
0.0711429
0.039016
0.0429162
0.0727007
0.0186113
0.0359204
0.0469723
0.0592011
0.00569964
0.0163837
0.0219577
0.0310978
0.00352003
0.05487
0.0272369
0.0515101
0.0194107
0.0463256
0.0694561
0.0246681
0.0311796
0.0126563
0.0049654
0.0868201
0.0776185
0.0816661
0.075386
0.0576255
0.036993
0.0894397
0.00735816
0.0743062
0.0662763
0.0772572
0.071265
0.0852448
0.000577953
0.0919837
0.0728923
0.0445598
0.0385927
0.0324599
0.0665775
0.012806
0.0714901
0.0541658
0.00824176
0.0126159
0.01815
0.0386526
0.0670256
0.084925
0.0678289
0.0930841
0.0236288
0.0388759
0.00319218
0.0509515
0.038085
0.0454711
0.00219674
0.0140877
0.0279211
0.0161899
0.00880294
0.0343448
0.0829171
0.0507852
0.00320154
0.0396686
0.0938206
0.085567
0.0354146
0.0777639
0.038527
0.0346218
0.0218383
0.092772
0.0607465
0.02318
0.0504355
0.00507159
0.0612395
0.0846939
0.0671159
0.0892473
0.0710009
0.0911087
0.0696698
0.0821782
0.0449864
