0.0734532
0.0271324
0.00451665
0.0835319
0.0585084
0.000424498
0.0103751
0.0143141
0.00164858
0.0727896
0.0450966
0.0901826
0.00758759
0.0891923
0.0145327
0.0220576
0.0426295
0.0214173
0.0724885
0.0371259
0.0121337
7.41039e-006
0.0609649
0.00805928
0.0694643
0.0792826
0.0500565
0.0136903
0.0899633
0.0773729
0.0380725
0.0128854
0.0776495
0.0932466
0.00750837
0.0591493
0.0473539
0.0852497
0.00576735
0.0193165
0.0168794
0.00734141
0.0376307
0.0361022
0.0917732
0.0350558
0.0818416
0.0798274
0.0706432
0.0103234
0.0714721
0.051616
0.0150177
0.00756432
0.0552286
0.0658516
0.0421956
0.071672
0.088099
0.0045049
0.0438669
0.0518706
0.0896003
0.0230421
0.0835179
0.0828461
0.00385146
0.0181691
0.084643
0.0862135
0.0864298
0.0365059
0.0587389
0.047327
0.0321434
0.0105737
0.0716463
0.0875508
0.0247471
0.0324546
0.0538154
0.0171719
0.0166869
0.0857694
0.0671936
0.057898
0.00507962
0.0408732
0.0901989
0.0184088
0.0282703
0.064885
0.0416537
0.0601211
0.00930294
0.0253351
0.0795667
0.0560466
0.0686339
0.038883
0.0598008
0.0626943
0.0489167
0.0748063
0.0426095
0.0488116
0.0450925
0.0847076
0.0878665
0.0186355
0.000387573
0.0407398
0.0700243
0.0573793
0.0557432
0.0752855
0.0466398
0.00236416
0.0466333
0.0547894
0.0241623
0.0733185
0.081701
0.045676
0.0483884
0.0274214
0.0619555
0.0676486
0.050049
0.0335929
0.00424583
0.0808089
0.066834
0.0314562
0.0700832
0.0139285
0.0289159
0.0437229
0.0151207
0.0896244
0.01048
0.0524617
0.0263892
0.0856517
0.0471884
0.0888512
0.0517229
0.0926069
0.0304988
0.0193911
0.0605621
0.0248492
0.0939216
0.0196489
0.0614109
0.0090132
0.0782946
0.0756675
0.0246688
0.0223158
0.0230623
0.0661875
0.0707984
0.018315
0.0204188
0.049496
0.0224099
0.0445099
0.0566055
0.0453134
0.0102138
0.0200585
0.0757708
0.0490705
0.0284215
0.0675937
0.071899
0.0423944
0.00608859
0.0276789
0.0251482
0.0706832
0.0359153
0.0695223
0.0790129
0.0578712
0.0508981
0.051938
0.0623694
0.0338961
0.0567019
0.037079
0.0411764
0.0896003
0.0376293
0.0408732
0.0791695
0.0511509
0.0387278
0.0496041
0.0365486
0.0921967
0.0229563
0.0829768
0.0806588
0.0321786
0.0360644
0.0280583
0.0198055
0.0299421
0.0645788
0.00921235
0.0321828
0.0788695
0.0361545
0.0901663
0.00826129
0.0401133
0.0257292
0.00226783
0.011254
0.0687662
0.0468982
0.0754903
0.0252557
0.00603555
0.0645287
0.028185
0.0451741
0.044148
0.0789006
0.0464533
0.0544311
0.0612415
0.0320373
0.0222279
5.07337e-005
0.00455369
0.0358715
0.081701
0.0877585
0.00761738
0.0110133
0.0159652
0.0541274
0.0481644
0.0902478
0.0566987
0.00304162
0.0278743
0.0537806
0.0166835
0.0374656
0.0752401
0.0279086
0.0572773
0.0353023
0.0590933
0.0603098
0.0731092
0.0263217
0.0305025
0.067745
0.0949211
0.0557121
0.022422
0.0598151
0.0294608
0.0514194
0.0625021
0.0361166
0.0562802
0.0168402
0.0460126
0.024596
0.041645
0.0353035
0.038151
0.072726
0.0891207
0.01217
0.046629
0.0615812
0.0777099
0.0125687
0.00271121
0.0224331
0.0886462
0.0257797
0.0694353
0.0888038
0.0721274
0.0238764
0.0675434
0.0732378
0.0604046
0.0444485
0.0695078
0.0381772
0.0635275
0.0253963
0.0737787
0.0120255
0.0173478
0.0349222
0.0849236
0.0379625
0.00308911
0.00933397
0.084643
0.0951652
0.0810843
0.0430113
0.0807958
0.0155929
0.0174059
0.038359
0.0483954
0.0485766
0.0125668
0.0102195
0.00358156
0.0224745
0.0743221
0.0654418
0.040194
0.0847723
0.0186136
0.0725833
0.071595
0.0165448
0.023657
0.0896565
0.0368153
0.0742393
0.0589747
0.0684646
0.047954
0.0421173
0.0781293
0.0782333
0.0767901
0.0588288
0.0187544
0.0786955
0.0188414
0.058416
0.0587838
0.0248827
0.0136721
0.056818
0.0025156
0.0555696
0.0885598
0.0442418
0.0491865
0.0497548
0.0290184
0.0886541
0.0690466
0.072436
0.00212451
0.0603426
0.0431115
0.0827226
0.00260225
0.066381
0.0263002
0.00530096
0.0354967
0.0793834
0.0153328
0.00847958
0.0211351
0.0297628
0.0242115
0.064379
0.0713496
0.000651049
0.0223753
0.034837
0.048631
0.0511038
0.0374095
0.00417678
0.0354338
0.00774963
0.0514088
0.0098137
0.0416503
0.0773849
0.0416104
0.0799872
0.0382342
0.0591493
0.0257325
0.0224608
0.0784483
0.0910124
0.0144228
0.047869
0.010367
0.0438322
0.0739699
0.00694071
0.000359489
0.0071276
0.0602262
0.0561947
0.0904275
0.045676
0.0115413
0.0137168
0.0468191
0.0450072
0.0806588
0.053089
0.0710249
0.0736699
0.0818953
0.0108693
0.0785841
0.0481691
0.0923501
0.0199475
0.0493663
0.0903294
0.0277751
0.0214412
0.0583274
0.00323313
0.0278728
0.0830941
0.0334713
0.0589469
0.0311618
0.00429778
0.0542067
0.0431078
0.0216419
0.0377959
0.0847867
0.0934297
0.0458352
0.0940011
0.0105985
0.0783806
0.0844141
0.0939923
0.032802
0.0156234
0.000990452
0.0317895
0.0640858
0.0351334
0.0934734
0.0235828
0.0169706
0.0157528
0.0115146
0.0619133
0.0195513
0.0743719
0.0324115
0.0325424
0.0577341
0.0906984
0.0171474
0.0215304
0.0878125
0.0322316
0.0661656
0.0866397
0.00931395
0.053573
0.0778007
0.0175065
0.0393037
0.0645621
0.0660431
0.0357879
0.0505709
0.063242
0.0868128
0.00959982
0.0377645
0.0655534
0.0936223
0.0224462
0.0857988
0.0863029
0.0124167
0.0594449
0.0120242
0.00331889
0.00965456
0.0133102
0.0475432
0.0497474
0.0570451
0.0621792
0.0372408
0.075365
0.0355523
0.0850755
0.0768196
0.0350866
0.0426114
0.05143
0.0823272
0.0245006
0.0294478
0.00903971
0.0908139
0.0303164
0.0793644
0.0388422
0.0438015
0.0336665
0.0553448
0.063142
0.0930815
0.0354426
0.0881067
0.0513375
0.0192621
0.013347
0.0184071
0.0213209
0.00140436
0.0903212
0.0532276
0.0127372
0.0639586
0.0160752
0.0461167
0.053888
0.0183594
0.00571323
0.0581035
0.0352264
0.0497722
0.0309265
0.0474259
0.0753536
0.0818886
0.079554
0.0679385
0.00984116
0.0886855
0.0734748
0.00498206
0.077989
0.0664428
0.0805677
0.063142
0.0283063
0.0420093
0.0282343
0.0129239
0.0856664
0.0658429
0.0409923
0.0447531
0.0533014
0.0502251
0.036664
0.0325572
0.0138559
0.0709997
0.0469864
0.0893358
0.0282495
0.0708285
0.0444663
0.0206629
0.0167003
0.0602552
0.0831287
0.0700734
0.0629629
0.0721066
0.0211364
0.0890571
0.0341009
0.0887959
0.0800898
0.0886226
0.0161772
0.00845926
0.0581035
0.0461785
0.0133912
0.0285197
0.0854758
0.0792134
0.0244958
0.0694353
0.0255078
0.0403613
0.0904111
0.0133935
0.0347123
0.0872526
0.0876737
0.0349149
0.0477409
0.00188723
0.0825926
0.0808612
0.057094
0.0469313
0.0117319
0.0343353
0.0329057
0.0397336
0.0892241
0.0596401
0.0134306
0.0354942
0.0116523
0.00661833
0.0109224
0.00182826
0.0104117
0.00771069
0.0505402
0.0237087
0.0921032
0.0896968
0.0101187
0.0546844
0.0387729
0.0538444
0.0562612
0.000173864
0.0714363
0.0215513
0.0213985
0.0879903
0.0531172
0.07927
0.00076341
0.00832067
0.097888
0.00759578
0.0487021
0.0438784
0.0561347
0.0622955
0.0824972
0.0928911
0.0143806
0.0495107
0.0161313
0.0897048
0.0685727
0.0258037
0.0750818
0.0834203
0.0378848
0.0922478
0.0691757
0.0850465
0.0197219
0.0153173
0.0631301
0.0888038
0.0562042
0.0059699
0.0977539
0.0529034
0.036957
0.0344775
0.0487663
0.0240941
0.0616192
0.0347945
0.0167086
0.0591633
0.0168652
0.087367
0.00951488
0.0845713
0.001996
0.091883
0.0864373
0.0675252
0.0302302
0.0403043
0.0244533
0.0675617
0.0137304
0.0461742
0.000486685
0.010784
0.042461
0.0626864
0.0433792
0.000436085
0.0767724
0.0776676
0.0808939
0.0119929
0.0723258
0.0393921
0.012605
0.0101304
0.0102065
0.0640447
0.0155483
0.0362016
0.0695417
0.0605694
0.0326295
0.00697463
0.036871
0.0423872
0.0521033
0.0209265
0.0350866
0.0336506
0.0515016
0.0532503
0.00653828
0.0481435
0.0522477
0.0247999
0.0400602
0.0454267
0.0388664
0.0875738
0.049286
0.0247128
0.0576076
0.000910068
0.1047
0.0174022
0.014211
0.016381
0.086911
0.016076
0.033068
0.0967317
0.0808677
0.0836158
0.0824631
0.083476
0.0380406
0.036749
0.054145
0.000542589
0.0333217
0.0649314
0.0804574
0.0592721
0.0407166
0.066767
0.00795899
0.0547173
0.0963399
0.0664826
0.0636489
0.00188494
0.0486831
0.071121
0.0944187
0.0790692
0.0731253
0.0419528
0.0493493
0.0141923
0.00472561
0.0457701
0.0665269
0.072981
0.00771617
0.0552469
0.0350263
0.0655319
0.0576441
0.0287934
0.0512059
0.039862
0.0226811
0.0203655
0.031478
0.0518598
0.0539491
0.0540659
0.0323275
0.00734805
0.00587998
0.0277296
0.0806718
0.0133933
0.0554431
0.00976593
0.0700881
0.0521904
0.00452449
0.0686434
0.0634791
0.0228163
0.061032
0.0897774
0.0821782
0.0531964
0.0883561
0.0594273
0.0872145
0.00759861
0.0354929
0.0737297
0.0139878
0.0456259
0.0427939
0.0804898
0.0101683
0.0294617
0.0183204
0.0556439
0.0359916
0.0790192
0.000915078
0.0458437
0.0771935
0.0292008
0.091883
0.0733723
0.0138586
0.0277012
0.0760882
0.0151147
0.0842717
0.0243069
0.0237397
0.0159987
0.0462533
0.00860877
0.0487282
0.0540337
0.00442179
0.0146501
0.079516
0.069595
0.0123734
0.0310071
0.00857935
0.0644372
0.00368368
0.0576109
0.0470994
0.0585976
0.0894398
0.0571789
0.0284385
0.050963
0.0306409
0.0802313
0.0480902
0.0846645
0.00804624
0.0392173
0.0153793
0.0913954
0.0128986
0.0822256
0.0709896
0.025001
0.0704489
0.0356373
0.068474
0.0888433
0.00559961
0.0855564
0.00504506
0.0802829
0.00762797
0.0875738
0.0209674
0.00509872
0.0835948
0.0339941
0.0151696
0.00924457
0.0492277
0.00320057
0.0168794
0.0197441
0.00169031
0.0135744
0.0518518
0.071263
0.0166716
0.00435625
0.00636535
0.0487187
0.0745718
0.0152423
0.0381117
0.0446671
0.0819692
0.0408214
0.0763499
0.0428104
0.0403825
0.0666378
0.0718731
0.0714363
0.092564
0.0927617
0.0405711
0.00518289
0.0237493
0.0598868
0.0574387
0.0856958
0.0936662
0.0752798
0.0742393
0.0909627
0.0314394
0.00167194
0.0450173
0.00644855
0.0325604
0.0563024
0.094894
0.0417564
0.0851843
0.016575
0.063138
0.0443636
0.0625764
0.0294643
0.066065
0.0950204
0.038055
0.0293984
0.0616535
0.044039
0.00227345
0.0895601
0.0470263
0.0123891
0.0480093
0.0492884
0.0924955
0.0564328
0.0173596
0.0726255
0.0296814
0.0612115
0.0798912
0.0472442
0.0527136
0.0714414
0.00895872
0.00971795
0.0238821
0.0613016
0.0637017
0.0304736
0.0238838
0.0475455
0.0176087
0.0673931
0.0864447
0.05979
0.0369624
0.0109693
0.015904
0.0833924
0.0524067
0.0476612
0.00490633
0.0942495
0.0692428
0.00955154
0.0809726
0.0559587
0.0121051
0.0935697
0.0271309
0.0255417
0.0038724
0.0726361
0.0590758
0.0276743
0.0143926
0.0407997
0.0603389
0.0723835
0.0217394
0.0844141
0.084151
0.0128462
0.0133879
0.0278813
