0.00115574
0.018908
0.0833612
0.0200958
0.0261791
0.0389539
0.0771014
0.00487681
0.0807182
0.0480871
0.0573102
0.0772924
0.0928891
0.0434215
0.0623594
0.0909422
0.0310787
0.0561115
0.0522623
0.0221995
0.0330201
0.015012
0.0445655
0.0709411
0.0902188
0.0629574
0.0511795
0.0823161
0.0746224
0.0740027
0.0147046
0.0332157
0.0751393
0.0174861
0.0717676
0.0336684
0.0476418
0.0341267
0.024642
0.0849796
0.0224088
0.0741346
0.0787066
0.0738603
0.0265836
0.0319995
0.0461695
0.0200813
0.0383109
0.0256002
0.0271994
0.0278041
0.0587958
0.0326934
0.023728
0.00966848
0.0294447
0.0893145
0.00576073
0.0096865
0.0107346
0.0243367
0.043795
0.0487305
0.00292031
0.0289981
0.061242
0.0582876
0.0334832
0.0735446
0.0120973
0.0223747
0.00596997
0.00741996
0.0323837
0.0123122
0.0311039
0.00231412
0.0704703
0.0369602
0.00451649
0.0773643
0.00354509
0.00917229
0.042213
0.0214476
0.0518065
0.0909754
0.0629415
0.0851536
0.0329612
0.00643821
0.069839
0.063349
0.0252262
0.0463668
0.0642958
0.0222331
0.0173469
0.0383139
0.0537831
0.0199074
0.0134451
0.0749249
0.0113574
0.0143825
0.00487671
0.054145
0.0659529
0.0399872
0.0860939
0.0820184
0.0754688
0.00973032
0.00822333
0.0245861
0.0826159
0.00844546
0.0894746
0.0115662
0.0905955
0.0282992
0.0287907
0.0131586
0.0793575
0.0596533
0.0827529
0.07074
0.0360263
0.0436227
0.0839502
0.0117614
0.0713571
0.0678912
0.0195006
0.0607647
0.061122
0.00481284
0.0264133
0.0787563
0.0831944
0.0815759
0.0334877
0.0250477
0.0985971
0.0832083
0.0538005
0.0914254
0.0200805
0.0713061
0.0718399
0.00821967
0.0583899
0.0214725
0.05431
0.0225976
0.0159018
0.0355768
0.0650926
0.0296389
0.0825203
0.0435352
0.0280937
0.021598
0.0268265
0.0038246
0.0285127
0.087253
0.0723188
0.080122
0.0262452
0.0542509
0.00180283
0.0613173
0.0140885
0.0708203
0.0828491
0.0475012
0.0755946
0.0699762
0.0799679
0.0484372
0.0360732
0.0662947
0.0563078
0.0713367
0.077149
0.0459781
0.0595821
0.0618876
0.0293426
0.0225303
0.0909091
0.0392388
0.0767574
0.0255491
0.0218323
0.096818
0.0223296
0.0679651
0.0667737
0.0883186
0.0858864
0.0589347
0.0269744
0.0108151
0.0668363
0.0876515
0.0361228
0.0242527
0.0782991
0.00708616
0.009224
0.0185523
0.0364154
0.0708908
0.0552664
0.0856799
0.0712552
0.0549076
0.072256
0.0723503
0.0567949
0.0215058
0.0897643
0.0941687
0.0287145
0.067296
0.0260235
0.0814162
0.0323228
0.0149661
0.00220034
0.0344185
0.0621342
0.0584446
0.0227107
0.0650163
0.00714102
0.0307153
0.0605509
0.0408916
0.0172253
0.0652288
0.00737457
0.0327643
0.0313423
0.0686288
0.00640664
0.0948489
0.0595039
0.0468853
0.050732
0.0131447
0.0747902
0.00701158
0.0442847
0.00623119
0.0828078
0.0196581
0.07792
0.0195924
0.00603933
0.0485598
0.0698
0.0272291
0.0430358
0.0640812
0.0893465
0.02738
0.0737293
0.0508043
0.0417923
0.0242257
0.00571383
0.0167556
0.0397546
0.0345496
0.0831528
0.0138542
0.0648473
0.0408113
0.0487162
0.0218161
0.0168975
0.0446053
0.0440852
0.0211701
0.0612872
0.0414142
0.0669349
0.0260806
0.0713265
0.049955
0.0660577
0.0154585
0.0928027
0.032055
0.0474831
0.00618447
0.0605362
0.016861
0.00769421
0.0631166
0.00907917
0.0682253
0.0812307
3.76804e-005
0.0298964
0.04641
0.0626806
0.0664536
0.0164188
0.00617147
0.0100973
0.00518808
0.00150662
0.0811514
0.00187964
0.0888691
0.0740466
0.00494314
0.0622505
0.0415868
0.00660385
0.0154719
0.0656579
0.00686279
0.0192962
0.0947948
0.0688656
0.0761832
0.00233023
0.00472278
0.0633409
0.0782622
0.0687991
0.0528154
0.0616658
0.0958694
0.0182423
0.05199
0.00775869
0.0644037
0.0935508
0.0190902
0.0868733
0.0286633
0.025303
0.0580908
0.0790057
0.0879605
0.0439454
0.0244704
0.0294361
0.0803672
0.0939029
0.0886481
0.00616422
0.00323891
0.0705699
0.0877286
0.00793739
0.00690562
0.0418238
0.029832
0.0776654
0.0108419
0.0461013
0.0258603
0.0710826
0.0252237
0.0413319
0.0782132
0.0612345
0.014221
0.0705999
0.0757208
0.0678727
0.0197538
0.012809
0.0374962
0.0497061
0.00458336
0.0227708
0.0300042
0.0666044
0.0791561
0.0176568
0.0231845
0.0163994
0.00271963
0.0337756
0.0275493
0.0397325
0.086647
0.055748
0.0746671
0.0594968
0.0500702
0.0779809
0.027314
0.0658746
0.0145439
0.0615062
0.00434518
0.0351211
0.0788434
0.0831528
0.0335349
0.0033605
0.0507475
0.0854306
0.0492937
0.0767102
0.0114334
0.00553565
0.0868884
0.046701
0.0158508
0.0487829
0.0464965
0.0144587
0.0584309
0.0323166
0.0449024
0.0387754
0.0508198
0.0769468
0.082493
0.00699507
0.0766395
0.0510068
0.0801478
0.0628384
0.0554691
0.0399584
0.0372083
0.00873676
0.0702322
0.0332689
0.0759744
0.0222917
0.00302254
0.00460285
0.0165852
0.0386582
0.0598896
0.088538
0.0456542
0.0873599
0.0772326
0.0226664
0.0939913
0.0173228
0.0406319
0.0124844
0.0465746
0.0881625
0.0820994
0.059825
0.0707701
0.0884752
0.037803
0.0808359
0.0358709
0.0132248
0.0474605
0.0183483
0.0811646
0.0493376
0.025294
0.0858273
0.0280763
0.0570742
0.0900559
0.00418042
0.0432897
0.0617116
0.0315783
0.0504346
0.00781348
0.0441867
0.0404671
0.0266432
0.0957774
0.0817497
0.0809802
0.0413524
0.0151801
0.101033
0.0560234
0.0490273
0.0705201
0.0731672
0.0830559
0.0511218
0.0790432
0.0519197
0.0855477
0.0307399
0.0223887
0.0379843
0.092941
0.0300132
0.0348683
0.0868884
0.0667916
0.0594827
0.0521748
0.0281953
0.0426095
0.0285714
0.00464022
0.0203748
0.0154437
0.0063231
0.0177871
0.0041296
0.0581856
0.0877903
0.00781666
0.0800064
0.0160131
0.0740136
0.0626491
0.00772422
0.0785456
0.0623828
0.0864069
0.0199305
0.0544225
0.0661102
0.0775929
0.0165035
0.0909422
0.0825066
0.0794713
0.0675145
0.0217202
0.0812439
0.0199321
0.0800578
0.00815746
0.0656838
0.0571985
0.0398945
0.0560234
0.0792819
0.0381761
0.0893625
0.0943289
0.02157
0.0853575
0.0666489
0.0858421
0.00360435
0.000563461
0.000627011
0.0574554
0.074267
0.0842194
0.0721411
0.0529612
0.0200217
0.097709
0.00207321
0.0326656
0.064974
0.0539226
0.0975371
0.00201271
0.0230794
0.0141312
0.0807705
0.0270036
0.0772446
0.0193982
0.0692671
0.0209708
0.0364926
0.0455292
0.0248667
0.0869793
0.00944217
0.00653082
0.0863621
0.0209312
0.0763581
0.0784345
0.016913
0.0754004
0.0780541
6.48212e-005
0.0654255
0.0661716
0.0749362
0.0590952
0.0459146
0.0874059
0.00911282
0.0998799
0.0870248
0.0637537
0.0199784
0.029037
0.0305591
0.086377
0.0280684
0.0518765
0.0160621
0.032369
0.0837951
0.0688086
0.0596676
0.0644953
0.0849217
0.049955
0.0577814
0.0886953
0.0124337
0.00309298
0.0876977
0.0829317
0.0217108
0.030193
0.0636642
0.07497
0.06377
0.0398117
0.0887742
0.0516029
0.00058735
0.00404049
9.17041e-006
0.0210522
0.0723818
0.0891708
0.059782
0.0934632
0.040665
0.0295144
0.0802122
0.0181099
0.0322435
0.00266628
0.0744665
0.0694599
0.0225313
0.0610846
0.0761019
0.00033555
0.00777029
0.0243688
0.0808359
0.0189741
0.101443
0.0306662
0.0785951
0.0112639
0.0299556
0.0797889
0.00349999
0.00801928
0.0931318
0.0158142
0.0578082
0.0974039
0.00322135
0.0784468
0.0109661
0.0617651
0.0185385
0.0110494
0.0383817
0.0155957
0.0513374
0.0913919
0.0427629
0.0287409
0.0115187
0.0198995
0.0916774
0.0710421
0.0538702
0.00401093
0.0284363
0.0488737
0.0533633
0.0934982
0.0596034
0.0278709
0.0556423
0.0404376
0.0626098
0.061227
0.0565695
0.0404442
0.00800064
0.032411
0.05096
0.0942043
0.0234426
0.0621962
0.0244213
0.0154959
0.0199082
0.0262438
0.0623672
0.00410649
0.0708404
0.0101549
0.0880692
0.0446852
0.0240065
0.0722142
0.050404
0.00932815
0.0520442
0.060193
0.0739807
0.00274532
0.0810987
0.00118782
0.043539
0.0357629
0.0924588
0.075986
0.0780908
0.044395
0.0180405
0.0532664
0.0372249
0.0831944
0.0792693
0.013684
0.0877286
0.0611745
0.0403395
0.0405658
0.00555302
0.0744332
0.0887584
0.0683281
0.080419
0.0497012
0.0225191
0.00288216
0.0208629
0.00321239
0.068216
0.0480871
0.0691136
0.0877748
0.0736858
0.097233
0.0606687
0.0146691
0.027241
0.0288173
0.0919138
0.024076
0.064537
0.00752708
0.0392913
0.00256714
0.0140362
0.0410666
0.0835426
0.0865268
0.0576745
0.0123588
0.010613
0.035699
0.0162145
0.0657877
0.0498551
0.02637
0.0758705
0.0868279
0.0448177
0.00608871
0.068244
0.0857536
0.00561576
0.0809408
0.00925909
0.0366615
0.0810065
0.00374695
0.0374962
0.0593412
0.0547569
0.0859752
0.0379497
0.0772924
0.00617635
0.0450972
0.0280463
0.0621188
0.058782
0.0110543
0.0197726
0.0543395
0.0478473
0.0956488
0.0539226
0.080666
0.00793525
0.070921
0.0107648
0.0740356
0.0699369
0.0352003
0.0680207
0.0733716
0.0708807
0.00320361
0.0643622
0.0370728
0.0680114
0.0412909
0.0754346
0.0587543
0.0778836
0.0479531
0.0482219
0.01668
0.00201536
0.0629415
0.00592411
0.00542433
0.0375273
0.0218677
0.0679189
0.0316163
0.0591022
0.0374962
0.0682813
0.062142
0.0789682
0.0789307
0.012294
0.0588791
0.0304176
0.036183
0.0576812
0.0337117
0.0874059
0.0899423
0.0158433
0.0274538
0.0166812
0.0203143
0.0485834
0.091325
0.003385
0.0377744
0.0716439
0.0184842
0.0871768
0.00364998
0.0433348
0.0621962
0.00583264
0.0656493
0.0629971
0.00408117
0.0540921
0.0106829
0.00561532
0.0298409
0.0738603
0.0739478
0.0129466
0.0470666
0.0498751
0.0815359
0.050908
0.0681043
0.0830559
0.0738493
0.0160797
0.0905955
0.0213202
0.000757467
0.0221778
0.0396472
0.0593059
0.0578082
0.0759744
0.0572839
0.0726664
0.0806791
0.0253918
0.0546131
0.0885537
0.0645955
0.018838
0.00244586
0.0771371
0.0887111
0.0162445
0.0217866
0.0232039
0.0324701
0.0475374
0.0458387
0.0641059
0.0532323
0.0236706
0.021007
0.0138715
0.0461354
0.0779444
0.0496814
0.0587404
0.0427336
0.016244
0.0757783
0.0791938
0.00309363
0.0411954
0.0424248
0.00374886
0.010337
0.0974039
0.0177833
0.0516403
0.023258
0.017777
0.00360614
0.0109545
0.0252556
0.070921
0.0802767
0.0370811
0.0111964
0.03287
0.0740356
0.012955
0.0277963
0.0432109
0.0128625
0.02157
0.0210878
0.0356683
0.01483
0.0463066
0.00239357
0.0350421
0.0266546
0.0180764
0.060193
0.0453719
0.00374386
0.0889325
0.081978
0.053409
0.0683468
0.00897579
0.0236459
0.0138407
0.0782254
0.00871296
0.0505316
0.0618186
0.0671331
0.0522404
0.081046
0.0270886
0.0806791
0.0476463
0.0293529
0.0708103
0.0661716
0.0129955
0.0776291
0.026815
0.0328138
0.0120738
0.0572576
0.0791435
0.027484
0.0142462
0.0293495
0.0101301
0.0197647
0.0690466
0.0116146
0.0314311
0.0717469
0.00650994
0.0811778
0.0343451
0.066049
0.0170797
0.0767574
0.0180451
0.0686666
