0.0410236
0.0212856
0.0598341
0.0246823
0.00948357
0.0603345
0.0506774
0.0763994
0.030303
0.0950141
0.0646193
0.0290063
0.0866953
0.043497
0.0197073
0.0246161
0.00967804
0.00548704
0.0879025
0.0928309
0.0267196
0.0307645
0.044631
0.0362527
0.0271651
0.0449089
0.045029
0.0243491
0.0475071
0.0275806
0.00410486
0.0461398
0.043052
0.103378
0.0361877
0.0128466
0.0736152
0.0580794
0.0677398
0.00398942
0.0821138
0.0432548
0.0369693
0.0840966
0.100298
0.0766894
0.00445818
0.0607702
0.0337341
0.0853041
0.00645863
0.107333
0.0453729
0.0467593
0.0595519
0.0175866
0.086104
0.025187
0.0453729
0.088364
0.0743741
0.0514781
0.0257194
0.0687543
0.0245444
0.0513211
0.00403936
0.0911552
0.0237815
0.04593
0.0491484
0.0443566
0.0249137
0.0367674
0.0949248
0.0474401
0.0990196
0.0959164
0.0702364
0.0337116
0.0247246
0.0031814
0.0331582
0.010102
0.0715804
0.0754858
0.0232665
0.0651613
0.0215398
0.0383447
0.0832646
0.0108626
0.0882096
0.0178414
0.0164308
0.0490768
0.0267479
0.026078
0.023832
0.0364753
0.0964661
0.0559247
0.0534392
0.0590989
0.0417528
0.054802
0.0879791
0.00327646
0.0929163
0.0527691
0.0696552
0.0502738
0.0671543
0.0261929
0.0220765
0.0506266
0.042348
0.0339496
0.0480038
0.0662295
0.0672885
0.0726619
0.0431255
0.0192125
0.0117292
0.0583478
0.0139986
0.0330497
0.0356135
0.102747
0.000447411
0.0436662
0.0734545
0.0553122
0.024767
0.0428148
0.00351966
0.00804781
0.0577473
0.00903884
0.00185816
0.0843776
0.0706788
0.0180261
0.086994
0.0661428
0.00961081
0.053752
0.0328029
0.0920693
0.0396078
0.0341678
0.0562361
0.0612492
0.06491
0.0474178
0.0452915
0.095283
0.00403839
0.0107504
0.0409404
0.0298287
0.0297935
0.0495098
0.0496803
0.00314534
0.0268617
0.0154766
0.0582133
0.0634422
0.0301763
0.00929847
0.0850885
0.0924062
0.0480266
0.0500744
0.0734545
0.0365942
0.101815
0.071682
0.0650773
0.0152729
0.113739
0.0233256
0.0196383
0.0202934
0.0137959
0.0182508
0.0644133
0.0217391
0.0781129
0.0161059
0.0471522
0.0226864
0.0834021
0.00240379
0.0468895
0.0581128
0.0723496
0.0600119
0.0687075
0.0168755
0.0729242
0.0642903
0.020829
0.0439704
0.0601907
0.0435909
0.00956621
0.0917348
0.0255632
0.0102082
0.00607921
0.045475
0.0875217
0.0224046
0.0815832
0.0383447
0.0871441
0.0674232
0.0863986
0.0903399
0.0485344
0.0337567
0.0238601
0.0904208
0.00527553
0.0787217
0.063602
0.0297847
0.0418046
0.0127236
0.0321554
0.0289233
0.108369
0.104881
0.106204
0.0733479
0.0281651
0.0206375
0.0613982
0.0720399
0.00192848
0.0663165
0.0620393
0.026642
0.0731884
0.101712
0.0266772
0.0724534
0.0313762
0.00412077
0.0968361
0.0205285
0.00625426
0.0853762
0.0250745
0.0689891
0.096929
0.104231
0.0825163
0.0463728
0.0732415
0.040239
0.0424727
0.030569
0.0273787
0.00737873
0.0202689
0.0311921
0.0900981
0.0863248
0.0229077
0.0121453
0.0227837
0.0525768
0.0331909
0.0269837
0.0375604
0.0219565
0.021852
0.0630856
0.0111283
0.0678308
0.0904208
0.0427966
0.0915685
0.00123427
0.000284876
0.0905018
0.0737226
0.0153565
0.0900178
0.00790112
0.0143019
0.111111
0.0358283
0.0890653
0.0344005
0.0511651
0.0345063
0.0351794
0.0330714
0.0678763
0.0802862
0.0738304
0.0929163
0.0482561
0.0553728
0.0449488
0.0737765
0.0522504
0.0295063
0.0333995
0.00699979
0.000742584
0.0738844
0.0621921
0.0562674
0.0435157
0.0962822
0.0132807
0.0860307
0.0584491
0.102123
0.0587551
0.0725575
0.0565826
0.0398422
0.0689891
0.0638029
0.0517418
0.052935
0.0315625
0.0768645
0.0308303
0.0868444
0.00421906
0.0750929
0.0521156
0.0265859
0.0252248
0.019071
0.0365545
0.0545946
0.0146165
0.0207691
0.0318512
0.0889085
0.036136
0.0559867
0.0463515
0.048164
0.00606061
0.0376304
0.0930018
0.0145115
0.0136468
0.055131
0.0249691
0.00710068
0.0497292
0.051269
0.0648683
0.111479
0.0894597
0.00654061
0.0577143
0.0171186
0.0755423
0.00890182
0.0220524
0.014877
0.0307271
0.00151241
0.0121804
0.00479651
0.0158059
0.0581462
0.0369693
0.0441627
0.101917
0.015801
0.0332018
0.0460137
0.0739385
0.0229129
0.0327073
0.0636421
0.0398579
0.0396701
0.0466944
0.0254344
0.0903399
0.107447
0.00727351
0.0747594
0.048233
0.0377853
0.0314348
0.0522234
0.045722
0.109189
0.0356513
0.0538954
0.020541
0.0192895
0.0908273
0.021011
0.0605879
0.00528132
0.00364135
0.0375465
0.0341101
0.0125513
0.0310578
0.0284828
0.00614617
0.00563837
0.0481182
0.0412245
0.0337229
0.0753731
0.0823146
0.0531579
0.0120496
0.0421712
0.0488631
0.0226052
0.0916515
0.0189992
0.0580794
0.0906643
0.0893015
0.0348637
0.114642
0.0052585
0.00384835
0.0272678
0.0753169
0.0109012
0.0692255
0.0409736
0.0941286
0.0454545
0.0768645
0.0153917
0.0156323
0.0840966
0.0919854
0.0163855
0.00587996
0.0161471
0.00250397
0.0497292
0.0634422
0.0657552
0.0150052
0.0190818
0.108719
0.0715804
0.00933975
0.0695114
0.0751488
0.0421888
0.00250764
0.0287095
0.0649518
0.0930876
0.0502488
0.0924908
0.00721635
0.0326122
0.0459927
0.0866209
0.00667195
0.0214437
0.054802
0.00245253
0.081386
0.0582133
0.00722875
0.0655844
0.0217579
0.0857385
0.0570944
0.0792779
0.0452306
0.0849453
0.0206882
0.0363702
0.011762
0.0692255
0.0115008
0.0789063
0.0586187
0.0175347
0.0836093
0.0372969
0.014367
0.0755988
0.0779321
0.047329
0.0868444
0.0936052
0.045722
0.0369152
0.0480266
0.0757689
0.023331
0.0853041
0.0245086
0.0537806
0.076284
0.0326227
0.0483948
0.0579793
0.0741557
0.00528575
0.0633626
0.012414
0.0247731
0.00161776
0.0492203
0.0407751
0.00596786
0.0907457
0.0612492
0.0897778
0.0404162
0.0552214
0.06597
0.0730825
0.0678763
0.0853041
0.00172423
0.0180036
0.101508
0.128335
0.0194455
0.0294632
0.00933543
0.00165664
0.0384615
0.021526
0.079653
0.00740307
0.0742647
0.0721429
0.0679677
0.0268903
0.096374
0.0655419
0.0789063
0.0112963
0.0920693
0.047822
0.00836578
0.0106015
0.0836093
0.00666887
0.031761
0.083196
0.0308585
0.0107619
0.0435345
0.0116052
0.0597633
0.063562
0.0564246
0.0302849
0.0738844
0.0688011
0.0802862
0.093692
0.0113229
0.00502688
0.0732415
0.0730825
0.016343
0.0721944
0.000533679
0.0451699
0.0566461
0.0536663
0.0225799
0.0375465
0.0936052
0.0846605
0.0373383
0.0775134
0.0695592
0.0399052
0.0284267
0.0579461
0.0789063
0.0511911
0.0383156
0.0752048
0.0381564
0.0833333
0.0213395
0.0543011
0.0383156
0.0217204
0.0841667
0.0380558
0.0625
0.0527967
0.0879025
0.0763416
0.0674683
0.0848027
0.0900178
0.091073
0.0893805
0.0267692
0.0613609
0.0551009
0.018068
0.0908273
0.0333884
0.0729769
0.0168953
0.0975845
0.0845896
0.0312403
0.0688011
0.0965583
0.0010968
0.0889868
0.0132633
0.0555556
0.0504748
0.0916515
0.0394685
0.0642903
0.0126187
0.0372282
0.0762264
0.0104522
0.0727666
0.0360972
0.0490291
0.00399131
0.0387567
0.0486747
0.0110118
0.0879025
0.00812812
0.0780526
0.00290314
0.0403677
0.0399683
0.0302214
0.0137677
0.0297496
0.061175
0.0163298
0.0736152
0.0340067
0.0488159
0.0569977
0.0938662
0.0410736
0.0609903
0.0256736
0.0703343
0.0533545
0.0861775
0.110503
0.00588475
0.0901786
0.0872947
0.0179332
0.0257916
0.0726619
0.0386529
0.0729769
0.0264467
0.0173361
0.0104156
0.0326017
0.0384762
0.0565826
0.028998
0.0243315
0.0946579
0.0954631
0.077454
0.0595168
0.0741557
0.0581128
0.0540107
0.0389961
0.0712773
0.0873702
0.0229754
0.0694158
0.018645
0.0513211
0.0601549
0.00605625
0.017262
0.0904208
0.0268403
0.0446113
0.0442982
0.0932595
0.0244256
0.0331039
0.0352654
0.0340756
0.0229493
0.0111763
0.0393762
0.0425801
0.0255115
0.0736689
5.39325e-005
0.0248401
0.0733479
0.0765152
0.020196
0.0647851
0.056551
0.0753169
0.0111639
0.0554945
0.0583478
0.0251119
0.00861848
0.0162093
0.107447
0.0422064
0.0545062
0.0423836
0.0190422
0.0394377
0.0973025
0.0451498
0.0276334
0.0428511
0.00507028
0.00643722
0.0688011
0.00293741
0.0273195
0.0244552
0.0896185
0.0225245
0.0019778
0.0863986
0.0734012
0.047822
0.033961
0.107561
0.0914855
0.0056831
0.045722
0.0391929
0.0867698
0.00398093
0.00835955
0.0724014
0.0223947
0.00172382
0.0590298
0.0762264
0.00141898
0.0500248
0.0933457
0.010233
0.0554336
0.0453118
0.0901786
0.102434
0.0795902
0.0391625
0.0673333
0.023472
0.0808
0.0412582
0.0228249
0.0397013
0.026607
0.0509073
0.00495195
0.013557
0.0714286
0.0811897
0.0189565
0.0515569
0.0355509
0.00886198
0.101917
0.0876736
0.036581
0.0477316
0.0739385
0.0792779
0.0455982
0.0375046
0.0961905
0.0672437
0.0879025
0.0369828
0.00135956
0.0507283
0.0172267
0.0705307
0.0508304
0.0088885
0.0153682
0.0951932
0.0686141
0.0148617
0.00469833
0.0166612
0.021526
0.0323511
0.0435533
0.0102299
0.0146568
0.01118
0.036634
0.0151243
0.0918182
0.039921
0.063562
0.0384762
0.0592028
0.0513211
0.0297234
0.0661428
0.0900981
0.00568566
0.0853762
0.00489318
0.0612492
0.0671989
0.0270995
0.0541846
0.0556167
0.0589265
0.0556167
0.0279391
0.0660562
0.0734545
0.0261929
0.077812
0.032033
0.0848027
0.0681511
0.0166365
0.08035
0.0531579
0.0480495
0.0468895
0.0737765
0.0490053
0.0941286
0.0686608
0.077812
0.083887
0.0613236
0.0551611
0.0308585
0.0973025
0.0197458
0.0811245
0.077812
0.0569656
0.0110879
0.0207052
0.060479
0.0170292
0.0225296
0.0642085
0.0451902
0.0182905
0.0281259
0.0535241
0.020646
0.0134398
0.0126884
0.0901786
0.0730296
0.0408411
0.0101202
0.0562361
0.0916515
0.00547515
0.0712271
0.0933457
0.0879791
0.0131271
0.0451094
0.0347198
0.0335771
0.000979026
0.040546
0.0245086
0.0704815
0.102747
0.0797159
0.0961905
0.0250496
0.0761115
0.0878261
0.0140767
0.0581462
0.0147661
0.0810594
0.0206925
0.093779
0.0206882
0.0397481
0.0614355
0.00454198
0.0759399
0.0856658
0.0749814
0.00382373
0.0965583
0.0685676
0.0602266
0.0398108
0.0335214
0.0442982
0.00382808
0.077573
0.0913201
0.0842369
0.0749258
0.066273
0.0658409
0.0706294
0.0148377
0.0386381
0.00546567
0.0552214
0.035033
0.0445719
0.0560488
0.0293861
0.0185628
0.0956439
0.0485577
0.0587209
0.0682894
0.0183803
0.0411573
0.0279778
0.0327073
0.054951
0.0412245
0.0104458
0.00218492
0.0872193
0.0227375
0.0704324
0.106092
0.0595168
0.0377994
0.0760542
0.0792157
0.0332128
0.0132511
0.0391625
0.0108672
0.0388611
0.0783553
0.0708275
0.0372694
0.0381132
0.06491
0.0155313
0.0141675
0.0344828
0.0229702
0.0795276
0.027732
0.0663601
0.0562674
0.0649518
0.0973025
0.0127124
0.0844482
0.0306898
0.00502563
0.0552516
0.0506266
0.080414
0.0766894
0.0663601
0.0465438
0.0159331
0.0447894
0.0644544
