0.0415313
0.0850004
0.0668418
0.0541405
0.0575625
0.0304663
0.0873292
0.0330958
0.0554955
0.0395047
0.0873292
0.0891612
0.0379751
0.0658919
0.0503459
0.000902876
0.024414
0.0161806
0.0459878
0.0032905
0.13077
0.056106
0.0769235
0.0166834
0.00927987
0.0618186
0.000920841
0.023235
0.012385
0.0342056
0.00806618
0.0163675
0.0748903
0.000638456
0.0473102
0.00492603
0.106472
0.0575625
0.03852
0.0395047
0.0329887
0.0696725
0.0105354
0.1
0.0211272
0.0754442
0.014952
0.0438525
0.0318953
0.0251856
0.0348603
0.0179203
0.00820899
0.038666
0.0113869
0.0588239
0.0244374
0.0215103
0.0461125
0.0656375
0.0635914
0.0794396
0.0773904
0.000537236
0.0755559
0.0994156
0.0286039
0.10241
0.0438902
0.104939
0.0573682
0.0909095
0.0753327
0.000437873
0.00924287
0.0733817
0.048159
0.0620442
0.0680004
0.077982
0.0161652
0.038666
0.0860038
0.0248542
0.0169552
0.0868828
0.0276277
0.0782213
0.0392916
0.0937504
0.0392614
0.0854275
0.0650514
0.0212681
0.0228909
0.00133996
0.0522545
0.0281461
0.0920582
0.0431476
0.0083419
0.0438148
0.0185189
0.0247697
0.0067304
0.0437772
0.116439
0.035319
0.0743444
0.0967746
0.00765805
0.0196233
0.0357648
0.0415652
0.0860038
0.00743913
0.0694827
0.0713291
0.046364
0.0332035
0.0314237
0.0406055
0.0717304
0.0583528
0.0232244
0.0698634
0.0275382
0.0905865
0.0518297
0.0729618
0.0232139
0.0315793
0.0798126
0.0644757
0.0438525
0.0535718
0.0805691
0.024023
0.0809528
0.0992222
0.0413294
0.0621955
0.0518297
0.0571753
0.0363511
0.0569836
0.0100576
0.0670175
0.0569836
0.0251607
0.0666671
0.0578235
0.0246262
0.0530701
0.0610782
0.119719
0.0671941
0.0536282
0.0213037
0.081994
0.0436648
0.0414975
0.0789478
0.068641
0.10387
0.0554955
0.0791929
0.0400318
0.0642321
0.0923917
0.0470484
0.0493712
0.0571753
0.00448667
0.077626
0.0142026
0.106029
0.0896313
0.0305393
0.0209794
0.102616
0.0130941
0.0664066
0.0713291
0.049708
0.0139807
0.0241596
0.0789478
0.0250988
0.0743444
0.0438148
0.0877801
0.0328612
0.0345065
0.0610052
0.00255614
0.0660626
0.0369837
0.0460709
0.0338874
0.0164573
0.074671
0.0597194
0.0435158
0.0249393
0.0191733
0.0743444
0.0036875
0.0784619
0.0670175
0.0248906
0.0490389
0.058087
0.0400947
0.0678195
0.0265491
0.0379751
0.0036223
0.0261542
0.0677295
0.0193847
0.0432207
0.0620442
0.0429297
0.0371724
0.0355901
0.00577289
0.0486645
0.0383174
0.00944309
0.0842979
0.0494669
0.0438525
0.0482958
0.0635122
0.0691061
0.0145386
0.0154503
0.0027567
0.0526863
0.0156638
0.0615946
0.00760099
0.077863
0.0896313
0.0460709
0.036429
0.0578235
0.00612505
0.0554955
0.0175684
0.0711301
0.0342976
0.0120202
0.121429
0.0352701
0.0146052
0.0219076
0.0440418
0.0345532
0.0615203
0.10241
0.07265
0.0278388
0.0131413
0.0214741
0.0395659
0.00328987
0.0813401
0.0829272
0.0582861
0.0497565
0.0169778
0.0744529
0.0485718
0.0134533
0.0673716
0.0721362
0.0271714
0.0606425
0.0114149
0.0918923
0.0681822
0.0883886
0.115647
0.0844375
0.0410632
0.0883886
0.0315013
0.106472
0.00481353
0.0531808
0.0201665
0.0574328
0.0671057
0.0690126
0.0770397
0.0725466
0.0741283
0.117512
0.0543135
0.0262755
0.0194068
0.0678195
0.0233414
0.0446198
0.0455361
0.00800165
0.0841588
0.028912
0.00809049
0.0678195
0.0546628
0.033443
0.077508
0.0771562
0.0125065
0.0459463
0.0170572
0.0818624
0.00786106
0.0897891
0.0162166
0.0752216
0.0206984
0.0542557
0.0738065
0.0549573
0.101191
0.101392
0.0777443
0.0754442
0.0470918
0.0151205
0.0438525
0.0169383
0.0754442
0.0816004
0.056106
0.0483416
0.0844375
0.0137433
0.0305576
0.0757805
0.0777443
0.0768076
0.0973286
0.000632259
0.102823
0.0471353
0.103239
0.0140616
0.048023
0.000740064
0.0907477
0.0208167
0.0899475
0.0743444
0.00808024
0.0287814
0.0689193
0.00690909
0.0203191
0.0158438
0.0628083
0.0289612
0.0891612
0.0323608
0.0168543
0.0496596
0.0593027
0.055076
0.0250618
0.0575625
0.0784619
0.0166943
0.0437022
0.00941868
0.0445419
0.0831978
0.101392
0.1
0.0450534
0.0519882
0.00980997
0.026357
0.00688856
0.036691
0.0932362
0.0716296
0.0910718
0.0701517
0.0704424
0.020507
0.012379
0.0260208
0.0202144
0.0760064
0.0125035
0.0575625
0.0233094
0.0493234
0.0337976
0.0290602
0.0617437
0.0266601
0.0313657
0.0636708
0.0901064
0.0557381
0.0419757
0.0647212
0.0404445
0.0702483
0.0115389
0.00868716
0.0556165
0.0659771
0.0285398
0.0277329
0.042465
0.00908968
0.0482958
0.028749
0.0915623
0.00586179
0.0725466
0.0249393
0.0973286
0.0720343
0.00521832
0.0215012
0.00459664
0.0718314
0.0699592
0.0689193
0.0784619
0.0618186
0.0425713
0.0851423
0.0506962
0.016575
0.0131177
0.0149696
0.0947959
0.0636708
0.0402212
0.0444255
0.00222465
0.0485256
0.0256543
0.0163361
0.0239891
0.0787041
0.0238433
0.0260075
0.0773904
0.00403265
0.047798
0.0538547
0.0648859
0.0901064
0.077863
0.0415991
0.00993223
0.0328824
0.0191733
0.0377782
0.0392614
0.0907477
0.0210661
0.0412625
0.0600711
0.0891612
0.0585538
0.0153757
0.00994579
0.0718314
0.0320557
0.0601419
0.0317365
0.0212859
0.0101235
0.0990295
0.0401895
0.0123222
0.00104752
0.047575
0.0671941
0.0602129
0.042324
0.0307048
0.0384619
0.0144398
0.131783
0.0261408
0.021574
0.0534035
0.0818624
0.0281928
0.08147
0.0528501
0.0217395
0.0862948
0.048711
0.036403
0.0476194
0.0896313
0.00999256
0.0091714
0.115647
0.0918923
0.0722384
0.0133163
0.0718314
0.0335089
0.0882357
0.0523081
0.0345767
0.00604448
0.07265
0.0629634
0.0603554
0.0483416
0.0953275
0.0485718
0.0273462
0.0885421
0.0591651
0.0628083
0.0119638
0.0841588
0.10241
0.0428216
0.0562918
0.00433602
0.00468488
0.0533477
0.0125035
0.0333555
0.0236443
0.0769235
0.0448159
0.0413965
0.045905
0.0622715
0.0139348
0.0226469
0.0834701
0.0406378
0.076577
0.0635914
0.0221936
0.00567399
0.0173887
0.0826584
0.0212327
0.088696
0.0844375
0.0273316
0.0396891
0.0915623
0.0209364
0.0694827
0.077626
0.0932362
0.0685488
0.0542557
0.0535156
0.0258363
0.0268991
0.0223688
0.109208
0.0691998
0.0962268
0.00311338
0.00803315
0.0757805
0.0572394
0.098456
0.0474864
0.0213393
0.0197755
0.0639904
0.0706375
0.00787806
0.0624239
0.0733817
0.0250127
0.0199847
0.0593718
0.0247097
0.0622715
0.000939657
0.0264116
0.0678195
0.0768076
0.0351486
0.0412625
0.0598595
0.0808245
0.0160684
0.107595
0.083882
0.105372
0.084859
0.0907477
0.0344366
0.0372539
0.036455
0.0810815
0.0707355
0.056354
0.000914522
0.0590282
0.115385
0.0107826
0.0307789
0.0685488
0.0670175
0.0175141
0.0684568
0.0790702
0.0098669
0.0308908
0.00130758
0.0415313
0.0115992
0.0753327
0.0599299
0.0796879
0.0111601
0.0542557
0.0236443
0.057758
0.105372
0.00242078
0.0731711
0.0392312
0.0146851
0.0680004
0.0763477
0.0481136
0.071429
0.0682735
0.0672827
0.0129808
0.0196915
0.0685488
0.00481899
0.0986464
0.0723408
0.0304482
0.0593718
0.0681822
0.0648859
0.0669295
0.104082
0.0368501
0.00318094
0.0376666
0.00485199
0.0642321
0.0554955
0.0206733
0.00904295
0.0261811
0.0850004
0.0551952
0.0207153
0.0865878
0.0370643
0.0953275
0.022184
0.0565414
0.1
0.0231612
0.0142741
0.0795636
0.0122659
0.0456993
0.0129347
0.0812106
0.0465757
0.0586885
0.0641513
0.0527408
0.0687335
0.00556443
0.0578892
0.0536282
0.0216564
0.0573682
0.00761347
0.0736998
0.0541981
0.0942703
0.0334211
0.0855709
0.107823
0.00142813
0.0695775
0.0923917
0.0191158
0.0672827
0.0358402
0.0532919
0.0307789
0.051777
0.065722
0.0796879
0.0587562
0.0507467
0.0699592
0.0793161
0.0826584
0.038404
0.059441
0.101191
0.0754442
0.0541981
0.0600711
0.077863
0.00612431
0.10099
0.0208593
0.0928966
0.0788257
0.0234379
0.0867351
0.0753327
0.0857147
0.0566042
0.0794396
0.0135714
0.030631
0.0132782
0.0760064
0.0720343
0.0213482
0.0483416
0.0633544
0.0682735
0.0194512
0.0243557
0.00655061
0.00642518
0.0489447
0.041838
0.0172185
0.108742
0.0400004
0.0390211
0.00755147
0.074671
0.0519352
0.0810815
0.0699592
0.00213518
0.0353925
0.0417694
0.0923917
0.00867829
0.000533393
0.00451567
0.0220688
0.0475307
0.0122807
0.0927277
0.026262
0.013931
0.100791
0.109678
0.0141631
0.0178388
0.0206565
0.0790702
0.0193552
0.0225668
0.0149301
0.00478463
0.0777443
0.00306622
0.028318
0.0890056
0.084718
0.0511026
0.00473797
0.0986464
0.030018
0.0558602
0.0264116
0.00306309
0.0600004
0.107143
0.0685488
0.0229217
0.0805691
0.0813401
0.0679098
0.0817312
0.0327137
0.0537979
0.109442
0.000608424
0.0588239
0.0915623
0.0502963
0.0136806
0.00324508
0.0721362
0.00611037
0.00603447
0.0236663
0.00256669
0.0516721
0.0342976
0.00858481
0.00627037
0.0308908
0.0567933
0.0801891
0.0248784
0.0351486
0.0930661
0.0103599
0.0398753
0.0798126
0.0113564
0.0458225
0.0558602
0.0812106
0.0443482
0.0699592
0.0359412
0.095506
0.00288159
0.0512052
0.0977015
0.0460709
0.0890056
0.0170801
0.0190302
0.0452935
0.0680912
0.0763477
0.0497565
0.0854275
0.0510514
0.0142263
0.0205898
0.0160735
0.0446589
0.0111091
0.0569836
0.0536282
0.0422189
0.0603554
0.0357648
0.0368501
0.00420901
0.00932909
0.0537979
0.0902659
0.0110609
0.077982
0.0321568
0.0130073
0.036145
0.0788257
0.0593027
0.0787041
0.0593718
0.0662342
0.0504455
0.098456
0.0087258
0.0611515
0.0684568
0.0628857
0.0488978
0.0813401
0.0687335
0.0713291
0.0426069
0.000851674
0.048711
0.0868828
0.0419412
0.0428936
0.00941868
0.0990295
0.0567933
0.0631192
0.082126
0.085859
0.0440799
0.0691998
0.0178889
0.0782213
0.0996098
0.0269418
0.0722384
0.0625771
0.0199067
0.0347652
0.0514117
0.0653013
0.0306494
0.0703452
0.00324591
0.00436608
0.0356398
0.0168043
0.0590966
0.0699592
0.077863
0.0188404
0.0687335
0.0877801
0.0504455
0.0593027
0.0913982
0.0258232
0.0290934
0.0541981
0.055375
0.0531808
0.0882357
0.0151339
0.0429659
0.00406705
0.0476639
0.0435158
0.0813401
0.10581
0.0864411
0.0852847
0.0922246
0.00514827
0.0946201
0.0576927
0.10099
0.00401046
0.0730663
0.0566042
0.095506
0.0461542
0.0491807
0.062731
0.0447372
0.0236224
0.0447372
0.0615946
0.0437022
0.0247697
0.0827926
0.0633544
0.0754442
0.0384329
0.0757805
0.0145386
0.0473542
0.0648034
0.0705398
0.0599299
0.000644989
0.0207913
0.0842979
0.0239553
0.0962268
0.0523618
0.0684568
0.0688263
0.0553149
0.1
0.0468323
0.0735935
0.0678195
0.0244843
0.0579549
0.0349319
0.0918923
0.0246381
0.0942703
0.056354
0.00116926
0.112583
0.0890056
0.0274197
0.0451331
0.0597194
0.0668418
0.0643943
0.0922246
0.0564163
0.0556165
0.0323198
0.0944448
0.0618186
