0.0402112
0.0208641
0.0586493
0.0241935
0.00929577
0.0591398
0.0496739
0.0748865
0.029703
0.0931326
0.0633397
0.0284319
0.0849785
0.0426357
0.0193171
0.0241287
0.00948639
0.00537839
0.0861619
0.0909926
0.0261905
0.0301553
0.0437472
0.0355348
0.0266272
0.0440196
0.0441373
0.0238669
0.0465663
0.0270344
0.00402357
0.0452261
0.0421995
0.101331
0.0354712
0.0125922
0.0721574
0.0569293
0.0663984
0.00391042
0.0804878
0.0423983
0.0362372
0.0824313
0.0983118
0.0751708
0.0043699
0.0595668
0.0330661
0.0836149
0.00633073
0.105207
0.0444744
0.0458333
0.0583726
0.0172384
0.084399
0.0246883
0.0444744
0.0866142
0.0729013
0.0504587
0.0252101
0.0673928
0.0240583
0.0503049
0.00395937
0.0893502
0.0233106
0.0450205
0.0481752
0.0434783
0.0244203
0.0360393
0.0930451
0.0465007
0.0970588
0.0940171
0.0688456
0.0330441
0.024235
0.0031184
0.0325016
0.00990198
0.070163
0.073991
0.0228058
0.063871
0.0211132
0.0375854
0.0816158
0.0106475
0.0864629
0.0174881
0.0161054
0.048105
0.0262182
0.0255616
0.0233601
0.035753
0.0945559
0.0548173
0.052381
0.0579286
0.040926
0.0537168
0.0862369
0.00321157
0.0910764
0.0517241
0.0682759
0.0492782
0.0658245
0.0256743
0.0216393
0.0496241
0.0415094
0.0332773
0.0470532
0.064918
0.065956
0.071223
0.0422716
0.018832
0.0114969
0.0571924
0.0137214
0.0323953
0.0349083
0.100712
0.00043855
0.0428016
0.072
0.0542169
0.0242766
0.0419669
0.00344996
0.00788845
0.0566038
0.00885985
0.00182136
0.0827068
0.0692792
0.0176691
0.0852713
0.064833
0.0094205
0.0526876
0.0321533
0.0902461
0.0388235
0.0334912
0.0551225
0.0600364
0.0636247
0.0464789
0.0443946
0.0933962
0.00395842
0.0105375
0.0401297
0.029238
0.0292035
0.0485294
0.0486965
0.00308306
0.0263298
0.0151701
0.0570605
0.0621859
0.0295787
0.00911434
0.0834035
0.0905764
0.0470756
0.0490828
0.072
0.0358696
0.0997984
0.0702626
0.0637887
0.0149705
0.111486
0.0228637
0.0192495
0.0198915
0.0135227
0.0178894
0.0631378
0.0213087
0.0765661
0.015787
0.0462185
0.0222372
0.0817506
0.00235619
0.045961
0.056962
0.0709169
0.0588235
0.0673469
0.0165414
0.0714801
0.0630172
0.0204166
0.0430997
0.0589988
0.0427277
0.00937678
0.0899183
0.0250569
0.0100061
0.00595883
0.0445745
0.0857886
0.021961
0.0799677
0.0375854
0.0854185
0.0660881
0.0846878
0.088551
0.0475733
0.0330882
0.0233877
0.0886303
0.00517106
0.0771629
0.0623426
0.0291949
0.0409768
0.0124717
0.0315186
0.0283505
0.106223
0.102804
0.104101
0.0718954
0.0276074
0.0202289
0.0601824
0.0706134
0.00189029
0.0650033
0.0608108
0.0261145
0.0717391
0.0996979
0.026149
0.0710187
0.0307549
0.00403917
0.0949185
0.020122
0.00613041
0.0836855
0.024578
0.067623
0.0950096
0.102167
0.0808824
0.0454545
0.0717912
0.0394422
0.0416316
0.0299637
0.0268365
0.00723261
0.0198675
0.0305744
0.088314
0.0846154
0.0224541
0.0119048
0.0223325
0.0515357
0.0325337
0.0264494
0.0368167
0.0215217
0.0214193
0.0618364
0.0109079
0.0664876
0.0886303
0.0419492
0.0897552
0.00120983
0.000279233
0.0887097
0.0722628
0.0150525
0.0882353
0.00774466
0.0140187
0.108911
0.0351188
0.0873016
0.0337193
0.050152
0.033823
0.0344828
0.0324165
0.0665323
0.0786963
0.0723684
0.0910764
0.0473005
0.0542763
0.0440587
0.0723156
0.0512157
0.028922
0.0327381
0.00686118
0.000727877
0.0724214
0.0609606
0.0551532
0.042654
0.0943756
0.0130178
0.0843271
0.0572917
0.100101
0.0575916
0.0711207
0.0554622
0.0390533
0.067623
0.0625395
0.0507172
0.0518868
0.0309375
0.0753425
0.0302198
0.0851247
0.00413551
0.0736059
0.0510836
0.0260595
0.0247253
0.0186934
0.0358306
0.0535135
0.0143271
0.0203578
0.0312204
0.0871479
0.0354204
0.054878
0.0454337
0.0472103
0.00594059
0.0368852
0.0911602
0.0142241
0.0133766
0.0540393
0.0244747
0.00696007
0.0487445
0.0502538
0.0635838
0.109272
0.0876882
0.00641109
0.0565714
0.0167797
0.0740464
0.00872554
0.0216157
0.0145824
0.0301186
0.00148246
0.0119392
0.00470152
0.015493
0.0569948
0.0362372
0.0432882
0.0998991
0.0154881
0.0325444
0.0451025
0.0724744
0.0224592
0.0320596
0.0623819
0.0390687
0.0388845
0.0457698
0.0249307
0.088551
0.105319
0.00712948
0.0732791
0.0472779
0.037037
0.0308123
0.0511892
0.0448167
0.107027
0.0349453
0.0528282
0.0201342
0.0189076
0.0890288
0.020595
0.0593881
0.00517674
0.00356924
0.036803
0.0334347
0.0123027
0.0304428
0.0279188
0.00602446
0.00552671
0.0471653
0.0404082
0.0330551
0.0738806
0.0806846
0.0521053
0.011811
0.0413361
0.0478955
0.0221576
0.0898367
0.018623
0.0569293
0.0888689
0.0875332
0.0341733
0.112372
0.00515437
0.00377215
0.0267279
0.0738255
0.0106854
0.0678547
0.0401623
0.0922647
0.0445545
0.0753425
0.0150869
0.0153227
0.0824313
0.0901639
0.016061
0.00576352
0.0158273
0.00245438
0.0487445
0.0621859
0.0644531
0.0147081
0.0187039
0.106566
0.070163
0.0091548
0.0681349
0.0736607
0.0413534
0.00245798
0.028141
0.0636656
0.0912442
0.0492537
0.0906593
0.00707345
0.0319664
0.045082
0.0849057
0.00653983
0.0210191
0.0537168
0.00240396
0.0797744
0.0570605
0.0070856
0.0642857
0.021327
0.0840407
0.0559638
0.077708
0.044335
0.0832632
0.0202786
0.03565
0.0115291
0.0678547
0.0112731
0.0773438
0.0574579
0.0171875
0.0819536
0.0365583
0.0140825
0.0741018
0.0763889
0.0463918
0.0851247
0.0917516
0.0448167
0.0361842
0.0470756
0.0742686
0.022869
0.0836149
0.0240233
0.0527157
0.0747734
0.0319767
0.0474365
0.0568312
0.0726872
0.00518108
0.0621079
0.0121681
0.0242826
0.00158573
0.0482456
0.0399677
0.00584968
0.0889488
0.0600364
0.088
0.0396158
0.0541279
0.0646636
0.0716353
0.0665323
0.0836149
0.00169008
0.0176471
0.0994975
0.125794
0.0190605
0.0288798
0.00915057
0.00162383
0.0376999
0.0210997
0.0780757
0.00725647
0.0727941
0.0707143
0.0666218
0.0263578
0.0944656
0.064244
0.0773438
0.0110726
0.0902461
0.046875
0.00820012
0.0103915
0.0819536
0.00653681
0.0311321
0.0815486
0.0302475
0.0105487
0.0426724
0.0113754
0.0585799
0.0623033
0.0553073
0.0296852
0.0724214
0.0674387
0.0786963
0.0918367
0.0110987
0.00492733
0.0717912
0.0716353
0.0160194
0.0707648
0.000523109
0.0442755
0.0555244
0.0526036
0.0221328
0.036803
0.0917516
0.0829841
0.0365989
0.0759785
0.0681818
0.039115
0.0278638
0.0567986
0.0773438
0.0501774
0.0375569
0.0737156
0.0374008
0.0816832
0.020917
0.0532258
0.0375569
0.0212903
0.0825
0.0373022
0.0612624
0.0517512
0.0861619
0.0748299
0.0661323
0.0831234
0.0882353
0.0892696
0.0876106
0.0262391
0.0601458
0.0540098
0.0177102
0.0890288
0.0327273
0.0715318
0.0165607
0.0956522
0.0829146
0.0306217
0.0674387
0.0946463
0.00107508
0.0872247
0.0130007
0.0544554
0.0494753
0.0898367
0.038687
0.0630172
0.0123688
0.036491
0.074717
0.0102453
0.0713256
0.0353824
0.0480583
0.00391227
0.0379893
0.0477108
0.0107937
0.0861619
0.00796717
0.076507
0.00284565
0.0395683
0.0391769
0.029623
0.0134951
0.0291605
0.0599637
0.0160065
0.0721574
0.0333333
0.0478492
0.0558691
0.0920074
0.0402603
0.0597826
0.0251652
0.0689415
0.0522979
0.084471
0.108315
0.00576822
0.0883929
0.0855661
0.0175781
0.0252809
0.071223
0.0378875
0.0715318
0.025923
0.0169928
0.0102093
0.0319561
0.0377143
0.0554622
0.0284238
0.0238497
0.0927835
0.0935728
0.0759202
0.0583382
0.0726872
0.056962
0.0529412
0.0382239
0.0698659
0.0856401
0.0225205
0.0680412
0.0182758
0.0503049
0.0589637
0.00593632
0.0169202
0.0886303
0.0263088
0.0437279
0.0434211
0.0914127
0.023942
0.0324484
0.034567
0.0334008
0.0224949
0.010955
0.0385965
0.0417369
0.0250063
0.0722101
5.28626e-005
0.0243483
0.0718954
0.075
0.019796
0.0635022
0.0554311
0.0738255
0.0109429
0.0543956
0.0571924
0.0246146
0.00844782
0.0158883
0.105319
0.0413707
0.0534269
0.0415443
0.0186652
0.0386568
0.0953757
0.0442557
0.0270862
0.0420025
0.00496988
0.00630975
0.0674387
0.00287925
0.0267785
0.0239709
0.0878438
0.0220785
0.00193863
0.0846878
0.0719477
0.046875
0.0332885
0.105431
0.0896739
0.00557056
0.0448167
0.0384168
0.0850515
0.00390209
0.00819401
0.0709677
0.0219512
0.00168968
0.0578609
0.074717
0.00139088
0.0490342
0.0914972
0.0100304
0.0543359
0.0444145
0.0883929
0.100406
0.0780142
0.038387
0.066
0.0230072
0.0792
0.0404412
0.0223729
0.0389151
0.0260801
0.0498992
0.00485389
0.0132886
0.0700141
0.079582
0.0185811
0.050536
0.0348469
0.0086865
0.0998991
0.0859375
0.0358566
0.0467864
0.0724744
0.077708
0.0446953
0.036762
0.0942857
0.0659121
0.0861619
0.0362505
0.00133263
0.0497238
0.0168856
0.0691341
0.0498239
0.00871249
0.0150639
0.0933082
0.0672554
0.0145674
0.00460529
0.0163312
0.0210997
0.0317104
0.0426908
0.0100273
0.0143666
0.0109586
0.0359086
0.0148248
0.09
0.0391304
0.0623033
0.0377143
0.0580305
0.0503049
0.0291348
0.064833
0.088314
0.00557307
0.0836855
0.00479628
0.0600364
0.0658683
0.0265629
0.0531116
0.0545154
0.0577596
0.0545154
0.0273859
0.0647482
0.072
0.0256743
0.0762712
0.0313987
0.0831234
0.0668016
0.016307
0.0787589
0.0521053
0.047098
0.045961
0.0723156
0.0480349
0.0922647
0.0673012
0.0762712
0.0822259
0.0601093
0.0540688
0.0302475
0.0953757
0.0193548
0.0795181
0.0762712
0.0558376
0.0108684
0.0202952
0.0592814
0.016692
0.0220834
0.0629371
0.0442953
0.0179283
0.0275689
0.0524642
0.0202371
0.0131737
0.0124372
0.0883929
0.0715835
0.0400323
0.00991984
0.0551225
0.0898367
0.00536673
0.0698166
0.0914972
0.0862369
0.0128672
0.0442162
0.0340323
0.0329122
0.000959637
0.0397431
0.0240233
0.0690858
0.100712
0.0781373
0.0942857
0.0245536
0.0746044
0.086087
0.0137979
0.0569948
0.0144737
0.0794543
0.0202827
0.091922
0.0202786
0.038961
0.060219
0.00445204
0.0744361
0.0839695
0.0734967
0.00374801
0.0946463
0.0672098
0.059034
0.0390225
0.0328576
0.0434211
0.00375227
0.0760369
0.0895118
0.0825688
0.0734421
0.0649606
0.0645372
0.0692308
0.0145439
0.037873
0.00535743
0.0541279
0.0343392
0.0436893
0.054939
0.0288042
0.0181952
0.09375
0.0475962
0.0575581
0.0669371
0.0180164
0.0403423
0.0274238
0.0320596
0.0538629
0.0404082
0.0102389
0.00214165
0.0854922
0.0222873
0.0690377
0.103992
0.0583382
0.0370509
0.0745482
0.0776471
0.0325551
0.0129887
0.038387
0.010652
0.0380916
0.0768037
0.069425
0.0365314
0.0373585
0.0636247
0.0152237
0.0138869
0.0337999
0.0225154
0.0779528
0.0271829
0.065046
0.0551532
0.0636656
0.0953757
0.0124607
0.0827759
0.030082
0.00492611
0.0541575
0.0496241
0.0788217
0.0751708
0.065046
0.0456221
0.0156176
0.0439024
0.063178
