0.00116037
0.0189837
0.0836953
0.0201764
0.026284
0.0391101
0.0774104
0.00489636
0.0810417
0.0482799
0.0575399
0.0776022
0.0932614
0.0435955
0.0626093
0.0913067
0.0312033
0.0563364
0.0524717
0.0222885
0.0331525
0.0150722
0.0447441
0.0712255
0.0905804
0.0632097
0.0513846
0.082646
0.0749215
0.0742993
0.0147635
0.0333489
0.0754404
0.0175562
0.0720552
0.0338034
0.0478327
0.0342634
0.0247407
0.0853202
0.0224987
0.0744317
0.0790221
0.0741563
0.0266901
0.0321277
0.0463546
0.0201618
0.0384645
0.0257029
0.0273084
0.0279155
0.0590315
0.0328245
0.0238231
0.00970723
0.0295628
0.0896725
0.00578382
0.00972532
0.0107777
0.0244343
0.0439705
0.0489258
0.00293202
0.0291144
0.0614875
0.0585212
0.0336174
0.0738394
0.0121457
0.0224644
0.0059939
0.0074497
0.0325135
0.0123615
0.0312286
0.00232339
0.0707527
0.0371084
0.00453459
0.0776744
0.0035593
0.00920905
0.0423822
0.0215336
0.0520141
0.09134
0.0631937
0.0854949
0.0330933
0.00646402
0.070119
0.0636029
0.0253273
0.0465527
0.0645535
0.0223222
0.0174164
0.0384674
0.0539987
0.0199872
0.0134989
0.0752252
0.011403
0.0144401
0.00489626
0.054362
0.0662173
0.0401474
0.0864389
0.0823471
0.0757713
0.00976932
0.00825629
0.0246847
0.082947
0.00847931
0.0898332
0.0116125
0.0909586
0.0284126
0.0289061
0.0132113
0.0796756
0.0598924
0.0830846
0.0710235
0.0361707
0.0437975
0.0842867
0.0118085
0.0716431
0.0681633
0.0195787
0.0610083
0.061367
0.00483213
0.0265192
0.079072
0.0835278
0.0819029
0.0336219
0.0251481
0.0989923
0.0835418
0.0540162
0.0917919
0.020161
0.0715919
0.0721278
0.00825262
0.0586239
0.0215586
0.0545276
0.0226882
0.0159656
0.0357194
0.0653535
0.0297577
0.082851
0.0437096
0.0282063
0.0216846
0.026934
0.00383993
0.0286269
0.0876027
0.0726087
0.0804432
0.0263504
0.0544684
0.00181006
0.061563
0.014145
0.0711042
0.0831811
0.0476916
0.0758976
0.0702566
0.0802885
0.0486313
0.0362177
0.0665604
0.0565335
0.0716226
0.0774583
0.0461624
0.0598209
0.0621357
0.0294602
0.0226206
0.0912735
0.0393961
0.0770651
0.0256515
0.0219198
0.0972061
0.0224191
0.0682375
0.0670413
0.0886726
0.0862306
0.0591709
0.0270825
0.0108585
0.0671042
0.0880028
0.0362676
0.0243499
0.0786129
0.00711456
0.00926097
0.0186266
0.0365613
0.0711749
0.0554879
0.0860234
0.0715408
0.0551276
0.0725456
0.0726403
0.0570225
0.021592
0.0901241
0.0945461
0.0288296
0.0675657
0.0261278
0.0817425
0.0324524
0.0150261
0.00220916
0.0345565
0.0623833
0.0586788
0.0228017
0.0652769
0.00716964
0.0308384
0.0607936
0.0410555
0.0172943
0.0654902
0.00740412
0.0328956
0.0314679
0.0689039
0.00643231
0.095229
0.0597424
0.0470732
0.0509353
0.0131974
0.0750899
0.00703968
0.0444622
0.00625617
0.0831397
0.0197368
0.0782324
0.019671
0.00606354
0.0487544
0.0700797
0.0273382
0.0432083
0.064338
0.0897046
0.0274897
0.0740248
0.0510079
0.0419598
0.0243228
0.00573673
0.0168228
0.039914
0.0346881
0.0834861
0.0139097
0.0651072
0.0409749
0.0489115
0.0219036
0.0169652
0.0447841
0.0442619
0.0212549
0.0615328
0.0415802
0.0672032
0.0261851
0.0716124
0.0501552
0.0663225
0.0155204
0.0931746
0.0321835
0.0476734
0.00620926
0.0607788
0.0169285
0.00772504
0.0633696
0.00911556
0.0684988
0.0815562
3.78318e-005
0.0300162
0.046596
0.0629318
0.0667199
0.0164846
0.0061962
0.0101378
0.00520888
0.00151266
0.0814767
0.00188718
0.0892253
0.0743434
0.00496295
0.0625
0.0417535
0.00663032
0.0155339
0.0659211
0.00689029
0.0193736
0.0951748
0.0691416
0.0764886
0.00233957
0.00474171
0.0635948
0.0785759
0.0690749
0.0530271
0.061913
0.0962536
0.0183154
0.0521984
0.00778979
0.0646618
0.0939258
0.0191668
0.0872214
0.0287782
0.0254044
0.0583236
0.0793224
0.0883131
0.0441215
0.0245685
0.029554
0.0806893
0.0942793
0.0890034
0.00618893
0.0032519
0.0708528
0.0880802
0.00796921
0.0069333
0.0419915
0.0299516
0.0779767
0.0108854
0.046286
0.0259639
0.0713675
0.0253248
0.0414976
0.0785266
0.0614799
0.014278
0.0708829
0.0760243
0.0681447
0.0198329
0.0128603
0.0376465
0.0499054
0.00460173
0.0228621
0.0301245
0.0668713
0.0794734
0.0177276
0.0232774
0.0164651
0.00273053
0.0339109
0.0276597
0.0398917
0.0869943
0.0559714
0.0749663
0.0597353
0.0502709
0.0782935
0.0274235
0.0661386
0.0146022
0.0617527
0.00436259
0.0352618
0.0791594
0.0834861
0.0336694
0.00337396
0.0509509
0.085773
0.0494913
0.0770177
0.0114792
0.00555784
0.0872366
0.0468882
0.0159144
0.0489784
0.0466828
0.0145167
0.0586651
0.0324461
0.0450823
0.0389308
0.0510235
0.0772552
0.0828236
0.0070231
0.0769467
0.0512113
0.080469
0.0630903
0.0556914
0.0401185
0.0373574
0.00877178
0.0705137
0.0334022
0.0762789
0.0223811
0.00303465
0.0046213
0.0166517
0.0388131
0.0601296
0.0888928
0.0458371
0.0877101
0.0775422
0.0227572
0.0943681
0.0173922
0.0407947
0.0125344
0.0467612
0.0885159
0.0824284
0.0600647
0.0710538
0.0888298
0.0379545
0.0811599
0.0360147
0.0132779
0.0476508
0.0184218
0.0814899
0.0495353
0.0253954
0.0861713
0.0281888
0.057303
0.0904169
0.00419718
0.0434632
0.0619589
0.0317048
0.0506367
0.0078448
0.0443638
0.0406293
0.02675
0.0961612
0.0820773
0.0813048
0.0415182
0.0152409
0.101438
0.0562479
0.0492238
0.0708027
0.0734604
0.0833888
0.0513267
0.0793601
0.0521278
0.0858906
0.0308631
0.0224785
0.0381366
0.0933135
0.0301335
0.035008
0.0872366
0.0670593
0.0597211
0.0523839
0.0283083
0.0427803
0.0286859
0.00465882
0.0204565
0.0155056
0.00634844
0.0178584
0.00414615
0.0584188
0.0881422
0.00784799
0.0803271
0.0160773
0.0743103
0.0629002
0.00775518
0.0788604
0.0626328
0.0867532
0.0200104
0.0546406
0.0663752
0.0779039
0.0165697
0.0913067
0.0828373
0.0797898
0.0677851
0.0218073
0.0815695
0.020012
0.0803786
0.00819016
0.0659471
0.0574278
0.0400544
0.0562479
0.0795996
0.0383291
0.0897206
0.094707
0.0216564
0.0856996
0.066916
0.0861861
0.00361879
0.00056572
0.000629525
0.0576857
0.0745647
0.084557
0.0724302
0.0531734
0.0201019
0.0981006
0.00208152
0.0327965
0.0652344
0.0541388
0.0979281
0.00202077
0.0231719
0.0141878
0.0810942
0.0271119
0.0775542
0.019476
0.0695447
0.0210548
0.0366389
0.0457117
0.0249664
0.0873279
0.00948002
0.00655699
0.0867082
0.0210151
0.0766641
0.0787488
0.0169807
0.0757026
0.078367
6.50814e-005
0.0656877
0.0664368
0.0752365
0.0593321
0.0460986
0.0877562
0.00914935
0.10028
0.0873736
0.0640092
0.0200585
0.0291533
0.0306816
0.0867232
0.0281809
0.0520844
0.0161264
0.0324987
0.084131
0.0690844
0.0599067
0.0647538
0.0852621
0.0501552
0.058013
0.0890508
0.0124835
0.00310538
0.0880492
0.0832641
0.0217978
0.030314
0.0639194
0.0752704
0.0640256
0.0399713
0.08913
0.0518097
0.000589705
0.00405668
9.20757e-006
0.0211366
0.0726719
0.0895282
0.0600216
0.0938378
0.040828
0.0296327
0.0805337
0.0181825
0.0323727
0.00267697
0.074765
0.0697383
0.0226216
0.0613294
0.0764069
0.000336896
0.00780143
0.0244665
0.0811599
0.0190502
0.10185
0.0307891
0.0789101
0.011309
0.0300756
0.0801087
0.00351401
0.00805143
0.093505
0.0158775
0.0580399
0.0977943
0.00323426
0.0787612
0.01101
0.0620126
0.0186128
0.0110936
0.0385355
0.0156582
0.0515432
0.0917582
0.0429343
0.0288561
0.0115648
0.0199793
0.0920448
0.0713269
0.0540861
0.00402701
0.0285503
0.0490695
0.0535772
0.093873
0.0598423
0.0279826
0.0558653
0.0405997
0.0628607
0.0614724
0.0567963
0.0406063
0.00803271
0.0325409
0.0511642
0.0945818
0.0235366
0.0624455
0.0245192
0.015558
0.019988
0.026349
0.0626172
0.00412295
0.0711244
0.0101956
0.0884222
0.0448643
0.0241028
0.0725036
0.0506061
0.00936554
0.0522528
0.0604343
0.0742772
0.00275632
0.0814237
0.00119258
0.0437135
0.0359063
0.0928294
0.0762905
0.0784038
0.044573
0.0181128
0.0534799
0.0373741
0.0835278
0.079587
0.0137388
0.0880802
0.0614196
0.0405012
0.0407284
0.00557528
0.0747315
0.0891142
0.0686019
0.0807413
0.0499004
0.0226093
0.00289371
0.0209466
0.00322527
0.0684894
0.0482799
0.0693906
0.0881266
0.0739811
0.0976228
0.0609119
0.0147279
0.0273501
0.0289328
0.0922822
0.0241725
0.0647957
0.00755725
0.0394488
0.00257743
0.0140924
0.0412312
0.0838774
0.0868736
0.0579057
0.0124084
0.0106555
0.035842
0.0162794
0.0660514
0.050055
0.0264757
0.0761745
0.0871759
0.0449973
0.00611311
0.0685175
0.0860973
0.00563827
0.0812652
0.0092962
0.0368085
0.0813312
0.00376197
0.0376465
0.059579
0.0549764
0.0863198
0.0381018
0.0776022
0.00620111
0.0452779
0.0281587
0.0623677
0.0590176
0.0110986
0.0198518
0.0545573
0.0480391
0.0960322
0.0541388
0.0809893
0.00796705
0.0712052
0.0108079
0.0743323
0.0702172
0.0353414
0.0682933
0.0736656
0.0711648
0.00321645
0.0646201
0.0372214
0.068284
0.0414564
0.075737
0.0589898
0.0781957
0.0481453
0.0484152
0.0167469
0.00202343
0.0631937
0.00594786
0.00544607
0.0376777
0.0219554
0.0681911
0.031743
0.0593391
0.0376465
0.068555
0.062391
0.0792847
0.0792471
0.0123432
0.059115
0.0305395
0.036328
0.0579124
0.0338468
0.0877562
0.0903028
0.0159068
0.0275638
0.016748
0.0203957
0.0487781
0.0916911
0.00339857
0.0379258
0.0719311
0.0185583
0.0875262
0.00366461
0.0435085
0.0624455
0.00585602
0.0659124
0.0632496
0.00409752
0.0543089
0.0107258
0.00563783
0.0299605
0.0741563
0.0742442
0.0129985
0.0472552
0.050075
0.0818627
0.051112
0.0683772
0.0833888
0.0741453
0.0161441
0.0909586
0.0214057
0.000760503
0.0222667
0.0398061
0.0595436
0.0580399
0.0762789
0.0575135
0.0729576
0.0810024
0.0254936
0.054832
0.0889086
0.0648544
0.0189135
0.00245567
0.0774463
0.0890667
0.0163097
0.0218739
0.0232969
0.0326002
0.0477279
0.0460224
0.0643628
0.0534457
0.0237655
0.0210912
0.0139271
0.0463203
0.0782568
0.0498805
0.0589759
0.0429049
0.0163091
0.076082
0.0795112
0.00310603
0.0413605
0.0425948
0.00376389
0.0103785
0.0977943
0.0178546
0.0518473
0.0233512
0.0178482
0.0036206
0.0109984
0.0253568
0.0712052
0.0805985
0.0372297
0.0112412
0.0330018
0.0743323
0.0130069
0.0279078
0.0433841
0.012914
0.0216564
0.0211723
0.0358113
0.0148894
0.0464922
0.00240317
0.0351826
0.0267614
0.0181489
0.0604343
0.0455537
0.00375886
0.0892889
0.0823066
0.053623
0.0686207
0.00901176
0.0237407
0.0138962
0.078539
0.00874788
0.0507342
0.0620664
0.0674021
0.0524497
0.0813708
0.0271972
0.0810024
0.0478373
0.0294706
0.0710941
0.0664368
0.0130476
0.0779403
0.0269225
0.0329454
0.0121222
0.0574871
0.0794607
0.0275942
0.0143033
0.0294671
0.0101707
0.0198439
0.0693234
0.0116612
0.0315571
0.0720345
0.00653603
0.0815032
0.0344828
0.0663137
0.0171481
0.0770651
0.0181174
0.0689418
