0.0432535
0.0272589
0.066192
0.0873043
0.0810985
0.0164806
0.0851714
0.00563412
0.0366637
0.0526095
0.0863433
0.010444
0.00615422
0.0825115
0.0464987
0.0798346
0.0903203
0.0522808
0.0701313
0.0271058
0.0662444
0.031003
0.0491194
0.107911
0.0822681
0.0378868
0.0654327
0.0853451
0.00153272
0.0707042
0.00184442
0.0230975
0.0605987
0.0407732
0.0642766
0.0732847
0.00791274
0.0916058
0.0278796
0.0743924
0.0056122
0.0119048
0.0504827
0.0430089
0.0683551
0.0836667
0.095948
0.084912
0.0903853
0.0442291
0.0808374
0.0737368
0.080552
0.0193942
0.0204898
0.0205485
0.0837225
0.0753075
0.00854817
0.0146509
0.0435009
0.0431791
0.0236235
0.0477096
0.0485118
0.0558026
0.0423557
0.0397592
0.0615347
0.0326143
0.0381575
0.0606427
0.0149396
0.0319542
0.0223032
0.042263
0.0303433
0.042906
0.0399237
0.00713961
0.000756579
0.0462673
0.00335867
0.047448
0.0518702
0.0184234
0.00774237
0.0381633
0.0926541
0.0377841
0.0379154
0.0771833
0.0823761
0.00585696
0.0211957
0.0563538
0.0314773
0.0555679
0.0247681
0.0271851
0.0427598
0.0263572
0.099288
0.0494484
0.0289237
0.023436
0.0579275
0.0360943
0.0890703
0.0143988
0.0254719
0.0235151
0.0404643
0.0912396
0.0126589
0.0471273
0.0851425
0.0371082
0.0365783
0.0715916
0.10308
0.0615196
0.0745028
0.0458531
0.0112789
0.0915057
0.0994453
0.0298525
0.0497522
0.0610854
0.0797332
0.0436522
0.00534577
0.0388846
0.0317923
0.0855487
0.0856071
0.0535638
0.0618531
0.0808895
0.0494094
0.0842565
0.042906
0.0278209
0.0199175
0.0212784
0.0516886
0.0840871
0.0232839
0.0730288
0.0654327
0.0829752
0.0179427
0.0463442
0.0898675
0.00597249
0.0958747
0.0595775
0.035007
0.00643623
0.0823491
0.0784375
0.0755796
0.0802686
0.0659312
0.0235725
0.049772
0.0157426
0.0253484
0.0482507
0.021282
0.0729227
0.0941839
0.0105684
0.0106415
0.0576746
0.00349261
0.0804745
0.028834
0.0879467
0.0401922
0.0321218
0.0187551
0.0166678
0.0151196
0.0558896
0.0701313
0.0298277
0.0472426
0.0808113
0.0976274
0.0612643
0.00555839
0.036755
0.0209411
0.0639328
0.0618531
0.000701724
0.0812824
0.00456248
0.0290442
0.00756229
0.0840027
0.0204497
0.0337366
0.0948602
0.0640633
0.0230635
0.0208628
0.0212965
0.0808634
0.0383031
0.0936917
0.0665606
0.066192
0.0442291
0.0662794
0.0802173
0.0891969
0.027951
0.0194242
0.0445114
0.0637703
0.0478369
0.0182638
0.0416114
0.0758537
0.00832283
0.0025656
0.0955099
0.0890071
0.090061
0.088194
0.0622057
0.0925175
0.00120932
0.0837784
0.0344638
0.0824032
0.0041974
0.0155678
0.0543408
0.0463271
0.0736935
0.00412192
0.0481027
0.0919077
0.0137121
0.0969112
0.0112501
0.00850271
0.0416459
0.029938
0.0254693
0.0269169
0.0253715
0.0944674
0.041639
0.0321383
0.047974
0.0852582
0.0361359
0.0470125
0.0521613
0.00798905
0.0822951
0.0977414
0.0834441
0.0103245
0.0775889
0.0266172
0.0443855
0.013859
0.0114138
0.0399936
0.0263434
0.0854905
0.0193107
0.0839465
0.0891969
0.0838343
0.0274287
0.0451764
0.0767115
0.0639653
0.102743
0.0312228
0.086373
0.0276859
0.0148153
0.0349047
0.0797332
0.063256
0.0489661
0.0776609
0.00127354
0.0941839
0.0111526
0.0609815
0.00976008
0.0466369
0.0127224
0.0555064
0.0852292
0.081759
0.0342148
0.000752467
0.0253997
0.0628443
0.00335669
0.070924
0.0674369
0.0877009
0.00527145
0.0443698
0.0481027
0.011537
0.102116
0.0380938
0.0539553
0.0885674
0.0913059
0.0382739
0.0250349
0.0157753
0.0265384
0.0732205
0.0812824
0.0436067
0.00984198
0.0245621
0.078413
0.0560769
0.0579677
0.0279106
0.0317722
0.026705
0.0682993
0.0355474
0.0585901
0.0619447
0.0741069
0.0866414
0.0623913
0.0332494
0.0135092
0.0960582
0.0298667
0.0294497
0.00824194
0.0756252
0.0959847
0.0326101
0.039816
0.00184109
0.0180602
0.00504452
0.101991
0.0557902
0.0940427
0.0150651
0.0732205
0.0012493
0.0114958
0.0300455
0.0432759
0.0292473
0.0335606
0.0659312
0.00163482
0.0245189
0.0337456
0.0653136
0.0310836
0.033223
0.042263
0.0449821
0.022914
0.0656381
0.00946456
0.0189063
0.0551527
0.0605257
0.0431271
0.000942826
0.0290947
0.0125726
0.0291589
0.0109107
0.0503713
0.0776129
0.0893556
0.0563033
0.0588235
0.00628647
0.0816526
0.0163742
0.0180615
0.0674731
0.0995637
0.0063923
0.0731565
0.0496833
0.0263822
0.0443698
0.0711653
0.037329
0.0938318
0.0635121
0.0321054
0.0144245
0.00322014
0.0291827
0.0561396
0.000918691
0.0571104
0.0197809
0.0647408
0.035467
0.0236458
0.0534497
0.0688048
0.0401279
0.0843697
0.0965013
0.0602496
0.0706246
0.0795311
0.00242634
0.0236681
0.0471008
0.045079
0.0747469
0.0381054
0.0649586
0.0189463
0.0696255
0.0283808
0.0198012
0.0330524
0.0336506
0.0431717
0.00616178
0.0763614
0.0891969
0.00263614
0.0199873
0.0127554
0.0433731
0.0233055
0.0908433
0.0883181
0.077733
0.0922116
0.0138011
0.0919077
0.0935171
0.0142614
0.094078
0.0166844
0.0429868
0.0784866
0.0107976
0.0358111
0.0960214
0.0319949
0.0583314
0.0174354
0.0857826
0.0173319
0.0143445
0.0405035
0.0141106
0.0168728
0.0646241
0.0755114
0.0873955
0.0399745
0.0670406
0.0490714
0.0339098
0.0560643
0.0878237
0.0282849
0.0475019
0.0954736
0.0391454
0.00935869
0.0716324
0.0884114
0.0214769
0.0380015
0.0533475
0.00637363
0.0332406
0.0587684
0.0863136
0.0773021
0.0205367
0.088163
0.0191253
0.0340755
0.00593942
0.0994847
0.0828656
0.0552498
0.0192116
0.000865736
0.091439
0.0280761
0.0473228
0.00457704
0.0176252
0.0350608
0.0662444
0.0464471
0.0268881
0.0634159
0.0689371
0.0795563
0.0594364
0.0699164
0.0245525
0.0662444
0.0656381
0.0857826
0.0172473
0.00671159
0.00858854
0.0785603
0.0936567
0.0392801
0.0120176
0.0636733
0.0273182
0.0914057
0.0324877
0.0879776
0.01003
0.0524008
0.00782956
0.0567232
0.0204264
0.0458196
0.00199517
0.0359908
0.0911733
0.064392
0.0440351
0.0653476
0.00326347
0.0200287
0.0241578
0.0223787
0.0475289
0.0877929
0.090581
0.0310836
0.0339602
0.0244021
0.077709
0.0732847
0.0776129
0.0116544
0.043516
0.0252617
0.0403019
0.035422
0.0529424
0.033096
0.0128428
0.00665995
0.0888181
0.0299881
0.0969486
0.0768289
0.0852003
0.000338912
0.00255107
0.0600622
0.0241114
0.0762454
0.0679296
0.0722302
0.0968364
0.0886299
0.109178
0.0883181
0.0801405
0.0767349
0.0227355
0.0788069
0.0368522
0.063949
0.04999
0.05924
0.023351
0.00766365
0.0533362
0.0400191
0.0210341
0.0566719
0.010447
0.0673103
0.0203206
0.000852666
0.00704166
0.0652966
0.0098586
0.0894193
0.0464987
0.0245165
0.00918405
0.0432088
0.0229015
0.0765477
0.0361567
0.0516886
0.0741726
0.0410869
0.0581692
0.0782419
0.0264183
0.0033656
0.0593802
0.0698192
0.0474749
0.012152
0.0103522
0.0602496
0.00653595
0.0620826
0.00595846
0.0494971
0.0618227
0.0114654
0.0717963
0.0962423
0.0415907
0.0115074
0.00388052
0.0200064
0.0245381
0.00249124
0.0299881
0.00692299
0.0535524
0.0887553
0.0563412
0.0366852
0.0364296
0.039665
0.0721472
0.0603075
0.0138079
0.0532457
0.0553473
0.00981619
0.0806555
0.0462588
0.0283616
0.0685044
0.0510266
0.082053
0.0042661
0.0955463
0.070904
0.00811877
0.0563159
0.037904
0.00643161
0.0570066
0.0559643
0.0065774
0.0905483
0.0407269
0.00290789
0.0576349
0.0297252
0.0202812
0.0661222
0.0733061
0.0594787
0.0980086
0.0546484
0.0893238
0.00606207
0.0110335
0.0103245
0.00301491
0.0650596
0.0100152
0.0315247
0.0283488
0.0524008
0.0303177
0.0243642
0.0613842
0.0176301
0.0213617
0.06607
0.0674187
0.000569025
0.0801661
0.0812298
0.0135992
0.0384851
0.0678745
0.0735855
0.0717553
0.0650596
0.10032
0.0174803
0.0794807
0.0209603
0.0721264
0.0162481
0.0904831
0.0228452
0.0534384
0.029367
0.0727536
0.0773736
0.0929974
0.0109828
0.0670406
0.04761
0.00746557
0.0182638
0.0439657
0.0189035
0.0728169
0.0123184
0.00382168
0.0815465
0.0680217
0.0638514
0.0631764
0.079632
0.0410131
0.00490982
0.063272
0.000129891
0.0525544
0.0894193
0.0524446
0.0324331
0.00145474
0.0325889
0.00483678
0.0476733
0.0381691
0.0877316
0.0743483
0.0280886
0.0949678
0.0542351
0.0908104
0.0823221
0.00255325
0.00672472
0.0543761
0.0146706
0.0344544
0.0433506
0.0791299
0.00178865
0.051141
0.0361932
0.0723343
0.0870923
0.0998012
0.00730373
0.00985628
0.000110249
0.0472871
0.0692414
0.0183654
0.0761067
0.0539089
0.0660005
0.0632242
0.0494094
0.0875174
0.0202665
0.0565188
0.0570974
0.0753754
0.0129248
0.0388184
0.0136398
0.0162691
0.021349
0.0537013
0.0518488
0.022234
0.0861655
0.0650091
0.0457695
0.0864028
0.0357703
0.0388425
0.0356787
0.0488232
0.0620519
0.0823761
0.0279541
0.0316719
0.0966872
0.0404447
0.0362874
0.0567616
0.0280698
0.0310413
0.0207404
0.0390418
0.0542234
0.00976008
0.0367228
0.0503713
0.093552
0.0662969
0.0655866
0.0530992
0.0539321
0.0666667
0.0404122
0.0731139
0.0836109
0.0906792
0.0410869
0.0542234
0.0605549
0.0211084
0.0771358
0.00242341
0.0775649
0.0814671
0.070466
0.087548
0.0893556
0.094078
0.0699164
0.0151625
0.0641616
0.0368089
0.00852176
0.0340339
0.0749925
0.0147978
0.0240099
0.075398
0.0876091
0.0819726
0.0112622
0.0577543
0.095619
0.0329137
0.0543879
0.0594928
0.0726273
0.0363926
0.000683174
0.0641616
0.0272974
0.0212226
0.00718395
0.0612195
0.0294221
0.0513083
0.0974757
0.08032
0.0784866
0.0268048
0.00669458
0.0547318
0.0378183
0.0238186
0.0901257
0.025305
0.0525654
0.00620627
0.0846543
0.0665959
0.057582
0.0607013
0.0896429
0.0806555
0.047846
0.024317
0.0196048
0.00134041
0.0702884
0.0712663
0.0221967
0.0667376
0.0688615
0.0377728
0.0488042
0.0430089
0.0244568
0.0694521
0.0662969
0.0539437
0.00676659
0.0863433
0.0266257
0.0922455
0.0130838
0.0717143
0.0393294
0.0432609
0.0732847
0.0187607
0.0362089
0.0473496
0.0596767
0.00574542
0.0165153
0.022134
0.0313476
0.00354831
0.0553107
0.0274557
0.0519239
0.0195666
0.0466977
0.0700139
0.0248663
0.03143
0.012758
0.00500529
0.0875174
0.0782419
0.0823221
0.0759915
0.0580884
0.0372902
0.090158
0.00741726
0.074903
0.0668086
0.0778778
0.0718374
0.0859295
0.000582596
0.0927226
0.0734778
0.0449177
0.0389027
0.0327206
0.0671123
0.0129089
0.0720643
0.0546008
0.00830796
0.0127172
0.0182958
0.0389631
0.0675639
0.0856071
0.0683737
0.0938318
0.0238186
0.0391881
0.00321783
0.0513608
0.0383909
0.0458364
0.00221438
0.0142008
0.0281453
0.0163199
0.00887365
0.0346207
0.0835831
0.0511931
0.00322726
0.0399873
0.0945742
0.0862543
0.035699
0.0783885
0.0388365
0.0348999
0.0220137
0.0935171
0.0612344
0.0233662
0.0508406
0.00511233
0.0617314
0.0853742
0.067655
0.0899642
0.0715711
0.0918405
0.0702294
0.0828383
0.0453478
