0.0732996
0.0271114
0.00451607
0.0833333
0.0584108
0.000424493
0.010372
0.0143082
0.0016485
0.0726387
0.0450385
0.0899514
0.00758594
0.0889661
0.0145267
0.0220437
0.0425777
0.0214042
0.0723389
0.0370865
0.0121295
7.41038e-006
0.060859
0.00805743
0.0693269
0.0791037
0.049985
0.0136849
0.0897332
0.0772025
0.0380311
0.0128807
0.0774779
0.0929994
0.00750676
0.0590495
0.0472899
0.085043
0.0057664
0.0193058
0.0168713
0.00733987
0.0375903
0.036065
0.0915338
0.0350207
0.081651
0.079646
0.0705011
0.0103204
0.0713266
0.05154
0.0150113
0.00756268
0.0551416
0.065728
0.0421448
0.0715257
0.0878783
0.00450432
0.0438119
0.0517939
0.089372
0.0230269
0.0833194
0.0826508
0.00385103
0.0181597
0.0844392
0.0860021
0.0862173
0.0364678
0.0586405
0.0472631
0.0321139
0.0105705
0.0715001
0.0873328
0.0247296
0.0324245
0.0537328
0.0171635
0.0166789
0.0855601
0.067065
0.0578025
0.00507888
0.0408255
0.0899676
0.0183991
0.0282475
0.064765
0.0416042
0.060018
0.00930046
0.0253168
0.0793865
0.055957
0.0684997
0.0388399
0.0596988
0.0625822
0.0488485
0.0746469
0.0425577
0.0487436
0.0450345
0.0845035
0.087647
0.0186256
0.000387569
0.0406925
0.0698846
0.0572854
0.0556546
0.0751241
0.0465778
0.002364
0.0465713
0.0547038
0.0241456
0.0731654
0.0815111
0.0456164
0.0483216
0.0273999
0.0618461
0.0675182
0.0499775
0.0335607
0.00424532
0.080623
0.0667067
0.0314279
0.0699433
0.013923
0.028892
0.0436683
0.0151142
0.089396
0.0104769
0.0523832
0.0263693
0.085443
0.0471249
0.0886267
0.0516466
0.0923632
0.0304722
0.0193804
0.0604575
0.0248316
0.0936709
0.0196379
0.0613034
0.00901088
0.0781201
0.0755045
0.0246514
0.0223016
0.0230471
0.0660627
0.0706556
0.0183054
0.0204069
0.0494261
0.0223956
0.0444533
0.0565141
0.0452548
0.0102109
0.020047
0.0756074
0.0490018
0.0283984
0.0674635
0.0717518
0.0423431
0.00608753
0.027657
0.0251302
0.0705409
0.0358785
0.0693846
0.0788352
0.0577757
0.0508242
0.0518611
0.0622585
0.0338633
0.0566102
0.0370398
0.041128
0.089372
0.0375889
0.0408255
0.0789911
0.0510762
0.0386849
0.0495339
0.0365105
0.0919551
0.0229413
0.0827809
0.0804737
0.0321491
0.0360273
0.0280358
0.0197943
0.0299164
0.0644599
0.00920992
0.0321532
0.0786924
0.0361171
0.0899352
0.00825934
0.0400674
0.0257103
0.00226768
0.0112504
0.0686315
0.0468354
0.075328
0.0252375
0.0060345
0.0644101
0.0281623
0.0451158
0.0440923
0.0787234
0.0463918
0.0543466
0.0611346
0.0320079
0.0222138
5.07336e-005
0.0045531
0.0358347
0.0815111
0.0875394
0.00761572
0.0110098
0.015958
0.0540438
0.0480982
0.0900162
0.056607
0.00304136
0.0278521
0.0536981
0.0166756
0.0374255
0.0750789
0.0278863
0.0571837
0.0352667
0.0589937
0.0602061
0.072957
0.0263019
0.0304759
0.0676142
0.094665
0.0556236
0.0224076
0.0597131
0.029436
0.051344
0.0623907
0.0360793
0.0561899
0.0168321
0.0459522
0.0245787
0.0415955
0.035268
0.0381094
0.0725754
0.0888948
0.0121657
0.0465669
0.0614731
0.077538
0.0125641
0.002711
0.0224187
0.0884227
0.0257607
0.069298
0.0885795
0.0719792
0.0238601
0.0674135
0.0730851
0.0603006
0.0443921
0.0693702
0.0381356
0.0634125
0.0253779
0.0736237
0.0120214
0.0173392
0.0348874
0.0847185
0.0379213
0.00308883
0.00933148
0.0844392
0.0949078
0.0808972
0.0429585
0.08061
0.015586
0.0173972
0.038317
0.0483286
0.0485093
0.0125622
0.0102165
0.0035812
0.02246
0.0741648
0.0653197
0.0401479
0.0845678
0.0186037
0.0724333
0.071449
0.016537
0.0236411
0.089428
0.0367766
0.0740823
0.0588755
0.0683311
0.0478884
0.0420667
0.0779555
0.0780591
0.0766222
0.0587302
0.0187444
0.0785192
0.0188313
0.0583187
0.0586853
0.024865
0.0136668
0.0567259
0.00251542
0.0554815
0.0883367
0.0441859
0.0491175
0.0496842
0.0289943
0.0884306
0.0689108
0.0722865
0.00212438
0.0602388
0.0430585
0.0825279
0.00260206
0.0662555
0.0262805
0.00530016
0.0354607
0.079204
0.0153261
0.00847752
0.0211223
0.0297375
0.0241947
0.0642609
0.0712046
0.000651037
0.022361
0.0348023
0.0485635
0.0510293
0.0373695
0.00417628
0.0353979
0.00774791
0.0513334
0.00981095
0.0416007
0.0772144
0.0415609
0.0798051
0.0381925
0.0590495
0.0257136
0.0224464
0.0782731
0.0907769
0.0144168
0.0478036
0.0103639
0.0437774
0.0738141
0.00693933
0.000359485
0.00712614
0.0601228
0.0561047
0.090195
0.0456164
0.0115375
0.0137114
0.0467565
0.0449494
0.0804737
0.0530086
0.0708812
0.0735153
0.0817044
0.0108659
0.0784083
0.0481029
0.0921077
0.0199361
0.0492968
0.0900974
0.0277531
0.0214281
0.0582304
0.00323283
0.0278506
0.0828977
0.0334393
0.0588478
0.0311341
0.00429725
0.0541229
0.0430548
0.0216285
0.0377551
0.0845822
0.0931816
0.0457753
0.09375
0.0105953
0.0782057
0.0842114
0.0937412
0.0327713
0.0156165
0.000990424
0.0317607
0.0639688
0.0350982
0.0932251
0.0235669
0.0169624
0.0157457
0.0115108
0.061804
0.0195403
0.0742144
0.0323814
0.0325121
0.057639
0.0904645
0.017139
0.0215172
0.0875932
0.0322019
0.0660409
0.0864262
0.00931147
0.0534911
0.0776284
0.0174978
0.0392596
0.0644433
0.0659188
0.0357514
0.0504979
0.063128
0.0865985
0.00959719
0.0377237
0.065431
0.0933732
0.0224318
0.0855894
0.086091
0.0124123
0.0593442
0.0120201
0.00331857
0.00965189
0.0133051
0.0474787
0.0496768
0.0569523
0.062069
0.0372012
0.0752033
0.0355162
0.0848696
0.0766516
0.0350514
0.0425595
0.0513545
0.0821343
0.0244835
0.029423
0.00903737
0.0905794
0.0302902
0.0791852
0.0387991
0.0437467
0.0336341
0.0552575
0.0630284
0.0928352
0.0354067
0.087886
0.0512623
0.0192515
0.0133419
0.0183975
0.0213079
0.00140431
0.0900893
0.0531468
0.0127326
0.063842
0.0160678
0.046056
0.0538051
0.0183498
0.00571229
0.0580072
0.0351909
0.0497015
0.0308991
0.0473617
0.0751919
0.0816977
0.0793739
0.067807
0.00983839
0.0884619
0.0733211
0.00498135
0.0778159
0.066317
0.080383
0.0630284
0.0282835
0.0419589
0.0282116
0.0129192
0.0854577
0.0657194
0.0409443
0.044696
0.0532204
0.0501531
0.0366256
0.0325269
0.0138504
0.0708561
0.0469234
0.0891089
0.0282267
0.0706856
0.0444099
0.0206507
0.0166923
0.0601517
0.0829321
0.0699335
0.06285
0.0719585
0.0211236
0.0888316
0.0340677
0.0885717
0.0799072
0.0883993
0.0161698
0.00845721
0.0580072
0.0461176
0.013386
0.0284964
0.085268
0.0790348
0.0244787
0.069298
0.0254892
0.0403148
0.0901787
0.0133884
0.0346779
0.0870361
0.0874551
0.0348801
0.0476759
0.00188712
0.0823985
0.0806751
0.057001
0.0468684
0.011728
0.0343016
0.0328748
0.0396885
0.0889978
0.0595387
0.0134254
0.0354582
0.0116484
0.00661708
0.010919
0.00182817
0.0104086
0.00770899
0.0504673
0.0236926
0.0918621
0.089468
0.0101157
0.0545991
0.0387299
0.0537617
0.0561709
0.000173863
0.0712909
0.0215381
0.0213855
0.0877702
0.0530367
0.0790911
0.000763394
0.00831869
0.0976158
0.00759413
0.0486344
0.0438235
0.0560449
0.0621849
0.0823035
0.0926458
0.0143747
0.0494408
0.0161238
0.089476
0.0684387
0.0257846
0.0749213
0.0832223
0.0378438
0.0920059
0.0690394
0.0848408
0.0197108
0.0153106
0.0630165
0.0885795
0.0561141
0.00596888
0.0974824
0.0528236
0.036918
0.0344435
0.0486984
0.0240775
0.061511
0.0347599
0.0167007
0.0590635
0.0168571
0.08715
0.00951229
0.0843679
0.00199589
0.091643
0.0862248
0.0673953
0.0302041
0.0402579
0.0244362
0.0674317
0.013725
0.0461134
0.000486678
0.0107807
0.0424096
0.0625744
0.0433255
0.000436079
0.0766046
0.0774959
0.0807077
0.0119888
0.0721769
0.0393477
0.0126004
0.0101274
0.0102036
0.0639278
0.0155414
0.0361642
0.0694039
0.0604648
0.0325991
0.00697324
0.0368322
0.0423359
0.0520258
0.020914
0.0350514
0.0336183
0.0514259
0.0531694
0.00653706
0.0480774
0.0521698
0.0247823
0.0400144
0.0453678
0.0388233
0.0873557
0.0492167
0.0246953
0.057513
0.000910044
0.104389
0.0173936
0.0142053
0.0163733
0.0866962
0.0160686
0.0330368
0.0964658
0.0806816
0.0834168
0.0822696
0.0832778
0.0379992
0.0367104
0.0540614
0.000542581
0.03329
0.0648112
0.0802732
0.0591719
0.0406693
0.06664
0.00795718
0.054632
0.0960762
0.0663567
0.0635335
0.00188483
0.0486155
0.0709769
0.0941653
0.0788913
0.072973
0.0419026
0.0492798
0.0141865
0.00472497
0.0457104
0.0664008
0.0728293
0.00771446
0.0551598
0.0349912
0.0654095
0.0575494
0.0287697
0.0511311
0.0398167
0.0226664
0.0203537
0.0314497
0.0517831
0.0538661
0.0539825
0.0322977
0.00734651
0.005879
0.0277077
0.0804866
0.0133882
0.0553555
0.0097632
0.0699482
0.0521127
0.0045239
0.0685091
0.0633642
0.0228015
0.0609258
0.0895482
0.081986
0.0531157
0.0881341
0.0593266
0.0869982
0.00759696
0.035457
0.0735749
0.0139822
0.0455665
0.0427416
0.0803055
0.0101654
0.0294369
0.0183108
0.0555556
0.0359547
0.0788414
0.000915054
0.0457837
0.0770239
0.0291764
0.091643
0.073219
0.0138531
0.0276793
0.0759234
0.0151082
0.0840697
0.02429
0.0237236
0.0159914
0.0461923
0.00860665
0.0486605
0.0539504
0.00442123
0.014644
0.0793361
0.069457
0.0123691
0.0309796
0.00857724
0.0643188
0.00368329
0.0575163
0.0470361
0.0584997
0.0892124
0.0570857
0.0284154
0.0508889
0.0306141
0.0800481
0.0480242
0.0844606
0.00804439
0.0391734
0.0153725
0.091158
0.0128938
0.0820332
0.070846
0.0249831
0.0703076
0.035601
0.0683404
0.0886188
0.00559871
0.0853481
0.00504433
0.0800994
0.0076263
0.0873557
0.0209548
0.00509798
0.0833959
0.0339611
0.015163
0.00924213
0.0491585
0.00320028
0.0168713
0.0197329
0.00169022
0.0135691
0.0517751
0.0711184
0.0166636
0.00435571
0.00636419
0.048651
0.0744134
0.0152356
0.0380702
0.0446102
0.081778
0.0407738
0.0761839
0.0427581
0.0403359
0.0665113
0.071726
0.0712909
0.0923205
0.0925171
0.0405241
0.00518213
0.0237332
0.0597846
0.0573446
0.0854869
0.0934169
0.0751184
0.0740823
0.0907275
0.0314111
0.00167186
0.0449595
0.00644737
0.0325301
0.056212
0.0946381
0.0417067
0.0849779
0.0165672
0.0630244
0.0443074
0.0624648
0.0294395
0.0659406
0.0947638
0.0380137
0.0293737
0.0615451
0.0439836
0.0022733
0.089332
0.0469631
0.0123847
0.0479436
0.0492191
0.0922523
0.056342
0.017351
0.0724753
0.0296562
0.0611047
0.0797096
0.0471805
0.0526344
0.071296
0.00895643
0.00971525
0.0238658
0.0611945
0.063586
0.0304471
0.0238675
0.047481
0.0175998
0.0672637
0.0862322
0.0596881
0.0369234
0.0109659
0.0158968
0.0831945
0.0523283
0.0475964
0.00490564
0.093997
0.0691063
0.00954893
0.080786
0.0558694
0.0121009
0.0933209
0.0271099
0.0255231
0.00387197
0.0724859
0.0589763
0.0276524
0.0143867
0.0407522
0.0602352
0.0722343
0.0217259
0.0842114
0.0839496
0.0128414
0.0133828
0.0278591
