0.0733055
0.0263236
0.00447801
0.0806481
0.0576328
0.000445214
0.00997121
0.014256
0.00172322
0.0721199
0.0428916
0.0830979
0.00752789
0.0852554
0.014448
0.0222472
0.0404833
0.0211561
0.0678993
0.0349891
0.0120602
7.57139e-006
0.0616642
0.00785829
0.0666972
0.0778579
0.0497759
0.0129876
0.0855429
0.0756018
0.0387779
0.0131916
0.0768206
0.0862235
0.00787609
0.059517
0.0466483
0.080777
0.00578561
0.0178759
0.0178854
0.00715816
0.0354067
0.0357677
0.0864826
0.0325721
0.0817841
0.0752456
0.0694208
0.0106376
0.0711405
0.0502162
0.0150477
0.00751954
0.0512538
0.0630918
0.0407886
0.0674781
0.0874927
0.00434568
0.0430838
0.0539815
0.0853309
0.0227028
0.0831853
0.0769883
0.00395956
0.0185748
0.082597
0.0795864
0.0838669
0.0382889
0.056809
0.0451702
0.0310869
0.0103089
0.072186
0.082241
0.024376
0.031309
0.0519647
0.0174249
0.0157029
0.0798457
0.0655966
0.0579121
0.00480542
0.0400361
0.0842848
0.0185114
0.0270733
0.0621722
0.0409708
0.0579105
0.00961228
0.026291
0.0771895
0.0534651
0.0621768
0.038634
0.0584063
0.0613855
0.0454478
0.0735363
0.0412221
0.0474777
0.0421201
0.0791473
0.0818624
0.0179282
0.000389121
0.0418298
0.0649155
0.0523841
0.05298
0.0737259
0.0446819
0.00233981
0.0466202
0.0547171
0.025114
0.073346
0.0799773
0.0453922
0.0474069
0.0276629
0.0614011
0.0631018
0.0472542
0.0325347
0.00434213
0.076561
0.0650926
0.0320639
0.0643862
0.0149793
0.0283885
0.0440072
0.0143924
0.0818394
0.010007
0.0504363
0.0256924
0.0827384
0.0472546
0.0861638
0.0492804
0.0899862
0.0302028
0.019098
0.0564523
0.0237418
0.0891612
0.0190999
0.0591634
0.00914067
0.0760515
0.0709312
0.0244905
0.021373
0.0218736
0.0634485
0.0688739
0.01826
0.0205479
0.0473839
0.0229756
0.0423689
0.0580102
0.0438413
0.0103063
0.0195063
0.0743817
0.048265
0.0273952
0.0636609
0.0711398
0.0427295
0.00609547
0.0290361
0.0250711
0.0681979
0.0368272
0.0657901
0.075311
0.0549292
0.0514633
0.0513358
0.0611824
0.0343061
0.0514907
0.0364687
0.0405211
0.0863815
0.0360864
0.0414854
0.0750398
0.0506473
0.0369607
0.0479256
0.0375117
0.085439
0.0232528
0.0790074
0.0783321
0.0324535
0.0344829
0.0286088
0.0208004
0.029775
0.0646514
0.00910395
0.0312953
0.0768226
0.033398
0.0829421
0.00801081
0.040434
0.0257271
0.00224788
0.0120242
0.0629806
0.0447487
0.0752276
0.0247133
0.00600519
0.0610605
0.0284017
0.0431556
0.0443954
0.0770652
0.0449647
0.0537738
0.0575593
0.0309327
0.0232761
5.01733e-005
0.00480355
0.0332821
0.0803203
0.0830083
0.00766185
0.0113153
0.0158318
0.0495898
0.0471715
0.082204
0.0525405
0.00298696
0.0288025
0.0511435
0.0160044
0.036801
0.0662191
0.0260874
0.0565463
0.0343201
0.0576789
0.0597052
0.0695792
0.0254806
0.0295441
0.0630825
0.0884718
0.0522919
0.021954
0.0602806
0.0287455
0.0490243
0.0615978
0.0358323
0.0556538
0.0163834
0.0447082
0.0257888
0.0418152
0.0351986
0.0367649
0.0693926
0.0805956
0.0123016
0.0445879
0.056922
0.0764352
0.0127804
0.0025789
0.0215428
0.0844031
0.0250881
0.0677834
0.0859315
0.0658637
0.0252622
0.0688814
0.0735268
0.0572392
0.0434027
0.0704747
0.0382471
0.0615236
0.0255212
0.0725322
0.0126566
0.0165844
0.0345238
0.0787055
0.0375384
0.00290683
0.00943922
0.0746321
0.0880977
0.075864
0.0445118
0.0759485
0.0145398
0.0167828
0.0387322
0.0455344
0.0477469
0.0124194
0.0103672
0.00357891
0.023042
0.070542
0.0663308
0.03991
0.0801363
0.0182585
0.0724235
0.0726223
0.0171768
0.0227402
0.0857267
0.0352385
0.0719906
0.0567347
0.0678768
0.0483434
0.0413189
0.0777404
0.0752006
0.0749188
0.056553
0.0179649
0.0749776
0.0188611
0.059466
0.0562858
0.0246274
0.0141582
0.0551422
0.00230561
0.0545356
0.0806576
0.0439204
0.0479055
0.048916
0.0280524
0.0888229
0.0658246
0.0680176
0.00216015
0.0559121
0.0418265
0.075139
0.0027784
0.0648782
0.0259952
0.00509611
0.0340067
0.0717842
0.015178
0.00862329
0.0199632
0.0304012
0.0233642
0.0635077
0.0723783
0.00067343
0.0221056
0.0347422
0.0456527
0.0490766
0.0360358
0.00443026
0.0341168
0.00851402
0.0492879
0.00970396
0.0399991
0.0727961
0.0409831
0.0781593
0.0371729
0.0556935
0.0251481
0.0224936
0.0744267
0.0848298
0.0143533
0.0429537
0.0108925
0.0442161
0.0751413
0.00731326
0.000359808
0.00674298
0.0583054
0.0547582
0.0884889
0.0472028
0.0111109
0.0141733
0.0471364
0.043457
0.075417
0.0515359
0.0697478
0.071201
0.080446
0.0107068
0.0774304
0.049627
0.0882087
0.0197474
0.0470078
0.0846608
0.0291094
0.0222462
0.0563082
0.00316502
0.0268192
0.0799613
0.0336137
0.0560112
0.0289575
0.00437864
0.0508645
0.0427531
0.0217668
0.0374316
0.0800058
0.0864925
0.0440467
0.0878052
0.0103013
0.0770783
0.082717
0.0877954
0.0337589
0.0155076
0.000981581
0.0337234
0.0607076
0.0337844
0.0872029
0.0222386
0.0167352
0.0155388
0.0114417
0.0563253
0.0191935
0.0697212
0.0311819
0.0296565
0.0574605
0.0885126
0.0167448
0.0208258
0.0825815
0.031624
0.0637671
0.0820394
0.00928087
0.0491009
0.0728546
0.0167923
0.0374788
0.0638997
0.0623781
0.03539
0.0503108
0.0602257
0.0819293
0.0101182
0.0372953
0.0628193
0.0898623
0.0233241
0.0803301
0.0839628
0.0111282
0.0563004
0.0117541
0.00341987
0.00955342
0.013694
0.0446298
0.0486283
0.0555409
0.0638905
0.0380562
0.0720731
0.0358591
0.0810497
0.0770571
0.0347073
0.0408968
0.0511761
0.0813325
0.0244
0.0302713
0.00894602
0.0839827
0.0282413
0.075718
0.0370827
0.0413193
0.0331222
0.0540273
0.0660349
0.088134
0.036214
0.084324
0.0498469
0.0196399
0.0127372
0.0181173
0.021425
0.00143119
0.0873702
0.0529853
0.0120437
0.0611699
0.0157415
0.0481835
0.0518895
0.0189772
0.00559482
0.057505
0.0366716
0.0503634
0.0303241
0.0449973
0.0748831
0.0782825
0.0735504
0.0653214
0.0101478
0.081784
0.0676728
0.00502315
0.076567
0.0632589
0.0812557
0.0597978
0.026281
0.0412449
0.0276889
0.0126629
0.085926
0.0647114
0.0388257
0.042177
0.0505302
0.0496486
0.0344484
0.0328173
0.0130056
0.0722245
0.0465824
0.0862438
0.027722
0.0698815
0.0440579
0.0197973
0.0169257
0.0566754
0.0745005
0.0656972
0.06114
0.0709429
0.0199939
0.0882651
0.0339182
0.0847499
0.0728728
0.0860435
0.0154763
0.00791588
0.0556931
0.0431432
0.0132681
0.0275202
0.0823344
0.0776805
0.024495
0.0669338
0.0260198
0.0382945
0.085973
0.013369
0.0342805
0.0818465
0.0832556
0.03481
0.0496016
0.00187736
0.0799741
0.0789368
0.0541721
0.0498828
0.0111699
0.0329593
0.032719
0.0381901
0.0891259
0.0592424
0.0137518
0.0342194
0.0115268
0.00628711
0.0117769
0.00197115
0.0102169
0.00793318
0.0529578
0.0242865
0.086977
0.0878664
0.0102346
0.053486
0.037188
0.0534245
0.0587155
0.000169416
0.0691223
0.0204514
0.0217196
0.0839611
0.0500817
0.0777545
0.000747703
0.00828894
0.089888
0.0080397
0.0472583
0.0434552
0.0538545
0.0586753
0.0809765
0.0887939
0.013696
0.0472363
0.0155823
0.0869446
0.0662432
0.0263692
0.0721046
0.0817368
0.0384704
0.0898304
0.0648573
0.0801988
0.0193072
0.0152957
0.057262
0.0847984
0.0508439
0.00608353
0.0897338
0.0499633
0.0358114
0.0326284
0.045515
0.0239758
0.0587731
0.0340253
0.0162145
0.0561843
0.0179301
0.0892149
0.00963858
0.0848445
0.00214008
0.0883744
0.0876866
0.0700479
0.0290617
0.0389206
0.0247004
0.0617525
0.0134316
0.044796
0.00049024
0.0111409
0.041353
0.0607684
0.040929
0.000448087
0.0723742
0.0735535
0.0752832
0.0123676
0.0683701
0.0372245
0.0124956
0.0102017
0.0101657
0.0584304
0.0158806
0.0357998
0.0657106
0.0608175
0.033172
0.00702919
0.0365623
0.0410724
0.0475538
0.0202625
0.0337209
0.0334111
0.0498178
0.0531475
0.00699966
0.0494637
0.0532939
0.0228556
0.0419856
0.042766
0.0365262
0.080634
0.0502501
0.0253725
0.0535961
0.000912158
0.0889469
0.0171392
0.01354
0.0164945
0.0889575
0.015548
0.0311419
0.0875084
0.0766566
0.0809305
0.0815364
0.0761362
0.0374087
0.0373827
0.0521341
0.000519055
0.0326219
0.0619856
0.0763701
0.0539925
0.0376707
0.0619578
0.00832493
0.0541788
0.0876733
0.061936
0.061709
0.00192658
0.0474761
0.0701019
0.0893666
0.0756657
0.0702783
0.0400526
0.0462802
0.0139423
0.00453924
0.0445964
0.0614489
0.0700953
0.00770326
0.0527305
0.0338664
0.0638864
0.0563622
0.0270717
0.0504148
0.0399298
0.0227531
0.0210269
0.0321897
0.0486352
0.0523362
0.0550393
0.0328351
0.00733319
0.00598676
0.0260967
0.0776973
0.0130549
0.0547775
0.00948584
0.0646289
0.0518474
0.00440467
0.0664844
0.0601377
0.0211277
0.0582888
0.0850503
0.0865853
0.0524682
0.0791348
0.0590772
0.0834481
0.00802891
0.0344637
0.0661947
0.0133902
0.0441173
0.0417254
0.0723859
0.0103289
0.0291982
0.0189642
0.0525904
0.0361078
0.0758612
0.000885137
0.0430836
0.0726512
0.0302374
0.0859689
0.0725992
0.0135686
0.0274826
0.0766556
0.0154129
0.0779401
0.0246805
0.0232067
0.0155123
0.0435988
0.00884787
0.0495058
0.0510636
0.00446393
0.0142629
0.0754681
0.0672157
0.0120025
0.0306137
0.008786
0.0613307
0.00381372
0.0515394
0.0456225
0.0569834
0.0867011
0.0576119
0.0262016
0.052638
0.0283571
0.0758176
0.0481174
0.0818934
0.00805776
0.0380025
0.015544
0.0891793
0.0126301
0.0817416
0.0716824
0.0243752
0.064943
0.0354559
0.0667693
0.0867657
0.00535808
0.0800846
0.00503124
0.0791306
0.00768188
0.0845176
0.021299
0.00502989
0.0779405
0.0330247
0.0156266
0.00964407
0.0498186
0.00321468
0.0176799
0.0203576
0.00169851
0.0135143
0.0481999
0.0659023
0.017601
0.00408336
0.00642013
0.0471946
0.0719249
0.0152253
0.0375587
0.0435277
0.080073
0.0417054
0.0735346
0.0414586
0.0383946
0.0655474
0.0676166
0.0710392
0.0874393
0.0870148
0.0413713
0.00551409
0.0236578
0.0575153
0.057816
0.0797939
0.0897154
0.0728224
0.0709944
0.0820477
0.0320639
0.00168882
0.0418701
0.00661145
0.0311674
0.0553073
0.0870047
0.0392672
0.0841875
0.0157804
0.0600059
0.0407707
0.0569005
0.0284423
0.0611846
0.0856369
0.035948
0.0292156
0.0593395
0.0432049
0.00218725
0.0825114
0.043082
0.01305
0.0462622
0.049126
0.0860215
0.0517323
0.017683
0.0678366
0.0289554
0.057733
0.0830392
0.0471077
0.0512975
0.0671955
0.00916241
0.00977673
0.0248566
0.0572699
0.0639989
0.030593
0.0231953
0.0476624
0.0167446
0.06119
0.0871503
0.0542104
0.0356493
0.0106922
0.0167109
0.0755118
0.0525256
0.0466789
0.00502816
0.0867537
0.0640834
0.00914858
0.0775075
0.053431
0.0119839
0.0851393
0.0245804
0.0268988
0.00387975
0.0697127
0.0548891
0.027793
0.0145255
0.041047
0.0554436
0.0667231
0.0207032
0.077489
0.0836377
0.0125238
0.0133037
0.0293817
